stochastic and l1_norm 0.3
0 1.3462652268628008 1.3462652268628008
1 1.2765623109543474 1.2765623109543474
2 1.2184883902306372 1.2184883902306372
3 1.168704909557028 1.168704909557028
4 1.1242784177315295 1.1242784177315295
5 1.0828688116884875 1.0828688116884875
6 1.0440253308582585 1.0440253308582585
7 0.993056962281841 0.993056962281841
8 0.9672600813090216 0.9672600813090216
9 0.934236817156512 0.934236817156512
10 0.8793408073177517 0.8793408073177517
11 0.8617758449002308 0.8617758449002308
12 0.7978500555792536 0.7978500555792536
13 0.7809328332240489 0.7809328332240489
14 0.7544618883639073 0.7544618883639073
15 0.6914238766585785 0.6914238766585785
16 0.636132492088602 0.636132492088602
17 0.5668896190647003 0.5668896190647003
18 0.5397246255018723 0.5397246255018723
19 0.473923803876903 0.473923803876903
20 0.4266758745562918 0.4266758745562918
21 0.3865932286727642 0.3865932286727642
22 0.35099807469448746 0.35099807469448746
23 0.32030545025524226 0.32030545025524226
24 0.29309856369573534 0.29309856369573534
25 0.2661234426706322 0.2661234426706322
26 0.2467273493228388 0.2467273493228388
27 0.22755530376635372 0.22755530376635372
28 0.2112898503539037 0.2112898503539037
29 0.19736805142609154 0.19736805142609154
30 0.18467709033976962 0.18467709033976962
31 0.17329926375083227 0.17329926375083227
32 0.1631970307168832 0.1631970307168832
33 0.15430424314608643 0.15430424314608643
34 0.14596653125518075 0.14596653125518075
35 0.13864890902076019 0.13864890902076019
36 0.13194161754275957 0.13194161754275957
37 0.12556745181099332 0.12556745181099332
38 0.11995481792731484 0.11995481792731484
39 0.11469466527973968 0.11469466527973968
40 0.10985608423390497 0.10985608423390497
41 0.10541241408026204 0.10541241408026204
42 0.10127037865601622 0.10127037865601622
43 0.09742288513142527 0.09742288513142527
44 0.0938362106787464 0.0938362106787464
45 0.0904880680547238 0.0904880680547238
46 0.08734738054327956 0.08734738054327956
47 0.08441670069738495 0.08441670069738495
48 0.08164673500744368 0.08164673500744368
49 0.07904265968407717 0.07904265968407717
50 0.07658814082334217 0.07658814082334217
51 0.07426972999470198 0.07426972999470198
52 0.07208419395301446 0.07208419395301446
53 0.07000544702899798 0.07000544702899798
54 0.06803316899629844 0.06803316899629844
55 0.06616259584818585 0.06616259584818585
56 0.06438250569614301 0.06438250569614301
57 0.06268985727116322 0.06268985727116322
58 0.06107676677894571 0.06107676677894571
59 0.059538356531161435 0.059538356531161435
60 0.058070307833594244 0.058070307833594244
61 0.05666531044419962 0.05666531044419962
62 0.05532165275711988 0.05532165275711988
63 0.05403457061769801 0.05403457061769801
64 0.0528023025578035 0.0528023025578035
65 0.05162092531807633 0.05162092531807633
66 0.050485710208476836 0.050485710208476836
67 0.04939600100439706 0.04939600100439706
68 0.048347040060562355 0.048347040060562355
69 0.04733782037221136 0.04733782037221136
70 0.046366873016372046 0.046366873016372046
71 0.04543305661273754 0.04543305661273754
72 0.04453221744198014 0.04453221744198014
73 0.043664003155127806 0.043664003155127806
74 0.04282589811001915 0.04282589811001915
75 0.04201654319508577 0.04201654319508577
76 0.041235748105589005 0.041235748105589005
77 0.040479584483913145 0.040479584483913145
78 0.03974981129228338 0.03974981129228338
79 0.03904298437612384 0.03904298437612384
80 0.038359393696470775 0.038359393696470775
81 0.03769658636775905 0.03769658636775905
82 0.037054365764585664 0.037054365764585664
83 0.036431681501953944 0.036431681501953944
84 0.035829029867945034 0.035829029867945034
85 0.03524314931497146 0.03524314931497146
86 0.03467510304340808 0.03467510304340808
87 0.03412300449724477 0.03412300449724477
88 0.03358737630338514 0.03358737630338514
89 0.03306664973799004 0.03306664973799004
90 0.032561232048138766 0.032561232048138766
91 0.032069043352115065 0.032069043352115065
92 0.03159070138842674 0.03159070138842674
93 0.031124999510994608 0.031124999510994608
94 0.030671837740487852 0.030671837740487852
95 0.03023102856489751 0.03023102856489751
96 0.029801611757499652 0.029801611757499652
97 0.029383366236839802 0.029383366236839802
98 0.028975805833952338 0.028975805833952338
99 0.0285786564046971 0.0285786564046971
100 0.028191305241062038 0.028191305241062038
101 0.027813451883799876 0.027813451883799876
102 0.027444562285731385 0.027444562285731385
103 0.027084270489189623 0.027084270489189623
104 0.026732930671732286 0.026732930671732286
105 0.026389767082609688 0.026389767082609688
106 0.026054827937567228 0.026054827937567228
107 0.02572783320587048 0.02572783320587048
108 0.025407888887461476 0.025407888887461476
109 0.025095232255514875 0.025095232255514875
110 0.02479005190419876 0.02479005190419876
111 0.024491583197909818 0.024491583197909818
112 0.024199699556101878 0.024199699556101878
113 0.02391390916548407 0.02391390916548407
114 0.023634441342128068 0.023634441342128068
115 0.023360842718891814 0.023360842718891814
116 0.02309336089242199 0.02309336089242199
117 0.022831189339746514 0.022831189339746514
118 0.022574438411409905 0.022574438411409905
119 0.02232332441362234 0.02232332441362234
120 0.02207733193396707 0.02207733193396707
121 0.02183596423111948 0.02183596423111948
122 0.021599595375391554 0.021599595375391554
123 0.021368140012046195 0.021368140012046195
124 0.021141255295831107 0.021141255295831107
125 0.02091858745353949 0.02091858745353949
126 0.020700456705601396 0.020700456705601396
127 0.020486484324540328 0.020486484324540328
128 0.02027631634144926 0.02027631634144926
129 0.020070194852438716 0.020070194852438716
130 0.019868001579417607 0.019868001579417607
131 0.019669576826285447 0.019669576826285447
132 0.01947489460166511 0.01947489460166511
133 0.0192837641702023 0.0192837641702023
134 0.019096183017970406 0.019096183017970406
135 0.018911777826285125 0.018911777826285125
136 0.018730859191456808 0.018730859191456808
137 0.018552975149544796 0.018552975149544796
138 0.01837839905083701 0.01837839905083701
139 0.018206752123781443 0.018206752123781443
140 0.018038041236438467 0.018038041236438467
141 0.01787236341106215 0.01787236341106215
142 0.017709423898006386 0.017709423898006386
143 0.017549336896591307 0.017549336896591307
144 0.01739193145004261 0.01739193145004261
145 0.017237149936140714 0.017237149936140714
146 0.017084796713203634 0.017084796713203634
147 0.01693496106540804 0.01693496106540804
148 0.01678769395765251 0.01678769395765251
149 0.016642725111590036 0.016642725111590036
150 0.016500061549161272 0.016500061549161272
151 0.016359781516662734 0.016359781516662734
152 0.016221631764940504 0.016221631764940504
153 0.01608566088054491 0.01608566088054491
154 0.01595183003721975 0.01595183003721975
155 0.01582007360559692 0.01582007360559692
156 0.01569042625433297 0.01569042625433297
157 0.015562764432107155 0.015562764432107155
158 0.015436971578228702 0.015436971578228702
159 0.015313122426254749 0.015313122426254749
160 0.015191129547422844 0.015191129547422844
161 0.01507095516952048 0.01507095516952048
162 0.014952529231067022 0.014952529231067022
163 0.014835897710990658 0.014835897710990658
164 0.014720902768806918 0.014720902768806918
165 0.014607636869770275 0.014607636869770275
166 0.014496004019849722 0.014496004019849722
167 0.014385925311826248 0.014385925311826248
168 0.014277401634405685 0.014277401634405685
169 0.01417046824303163 0.01417046824303163
170 0.01406498628021248 0.01406498628021248
171 0.013961031740673263 0.013961031740673263
172 0.013858475778923669 0.013858475778923669
173 0.013757378489945996 0.013757378489945996
174 0.013657664304744641 0.013657664304744641
175 0.013559264703985614 0.013559264703985614
176 0.013462186201080046 0.013462186201080046
177 0.013366428546173939 0.013366428546173939
178 0.013271988634090275 0.013271988634090275
179 0.013178758943910924 0.013178758943910924
180 0.01308680646404572 0.01308680646404572
181 0.01299604841086707 0.01299604841086707
182 0.01290645552497712 0.01290645552497712
183 0.012818016941089255 0.012818016941089255
184 0.012730760374770575 0.012730760374770575
185 0.012644584013306592 0.012644584013306592
186 0.012559509362195811 0.012559509362195811
187 0.012475514272238933 0.012475514272238933
188 0.012392582415439515 0.012392582415439515
189 0.012310711764457487 0.012310711764457487
190 0.01222986305058638 0.01222986305058638
191 0.012150000518787445 0.012150000518787445
192 0.012071122907641285 0.012071122907641285
193 0.011993233850652466 0.011993233850652466
194 0.011916287147102671 0.011916287147102671
195 0.011840253879814262 0.011840253879814262
196 0.011765163894583743 0.011765163894583743
197 0.011690953042515138 0.011690953042515138
198 0.011617627005992913 0.011617627005992913
199 0.011545190516473212 0.011545190516473212
200 0.011473603002209903 0.011473603002209903
201 0.011402837309507 0.011402837309507
202 0.011332898956637683 0.011332898956637683
203 0.011263794880500968 0.011263794880500968
204 0.011195482329262374 0.011195482329262374
205 0.011127938804244644 0.011127938804244644
206 0.011061169373426038 0.011061169373426038
207 0.01099517366735636 0.01099517366735636
208 0.010929911973371075 0.010929911973371075
209 0.010865384861186834 0.010865384861186834
210 0.010801580841348713 0.010801580841348713
211 0.01073850313882399 0.01073850313882399
212 0.010676104291751923 0.010676104291751923
213 0.010614411965947304 0.010614411965947304
214 0.010553381817266673 0.010553381817266673
215 0.010493028799989387 0.010493028799989387
216 0.01043333522341693 0.01043333522341693
217 0.010374286629348101 0.010374286629348101
218 0.010315854485933449 0.010315854485933449
219 0.010258061498583281 0.010258061498583281
220 0.010200882906177775 0.010200882906177775
221 0.010144301538693603 0.010144301538693603
222 0.010088312922479394 0.010088312922479394
223 0.010032916230817914 0.010032916230817914
224 0.009978110660183379 0.009978110660183379
225 0.009923862178502052 0.009923862178502052
226 0.00987018718536379 0.00987018718536379
227 0.00981704924049673 0.00981704924049673
228 0.009764459520789682 0.009764459520789682
229 0.00971240629927597 0.00971240629927597
230 0.009660888797022562 0.009660888797022562
231 0.009609882076877635 0.009609882076877635
232 0.00955938846110784 0.00955938846110784
233 0.00950941213887911 0.00950941213887911
234 0.009459934768717508 0.009459934768717508
235 0.009410937881276353 0.009410937881276353
236 0.009362424645261025 0.009362424645261025
237 0.009314386054819993 0.009314386054819993
238 0.009266828673623531 0.009266828673623531
239 0.009219732178797603 0.009219732178797603
240 0.009173083643557574 0.009173083643557574
241 0.00912688760521458 0.00912688760521458
242 0.00908113442772146 0.00908113442772146
243 0.009035826357485862 0.009035826357485862
244 0.008990952329774494 0.008990952329774494
245 0.008946493741491998 0.008946493741491998
246 0.008902456057863974 0.008902456057863974
247 0.008858841089307706 0.008858841089307706
248 0.008815634191039808 0.008815634191039808
249 0.008772827892875252 0.008772827892875252
250 0.008730420821459351 0.008730420821459351
251 0.008688405574450199 0.008688405574450199
252 0.008646774415795831 0.008646774415795831
253 0.008605519563904361 0.008605519563904361
254 0.00856464830010421 0.00856464830010421
255 0.008524139088881187 0.008524139088881187
256 0.008483998430746001 0.008483998430746001
257 0.008444219502078125 0.008444219502078125
258 0.008404804137571636 0.008404804137571636
259 0.008365733515707238 0.008365733515707238
260 0.008327018191856429 0.008327018191856429
261 0.008288639040410651 0.008288639040410651
262 0.00825059803668759 0.00825059803668759
263 0.008212892303686178 0.008212892303686178
264 0.008175516054344183 0.008175516054344183
265 0.00813846563526755 0.00813846563526755
266 0.008101743203522103 0.008101743203522103
267 0.00806533287109095 0.00806533287109095
268 0.008029242013495015 0.008029242013495015
269 0.007993454812219821 0.007993454812219821
270 0.007957972621045086 0.007957972621045086
271 0.007922792606126541 0.007922792606126541
272 0.00788791002183542 0.00788791002183542
273 0.00785332311943767 0.00785332311943767
274 0.007819027465601624 0.007819027465601624
275 0.007785023480842702 0.007785023480842702
276 0.007751303384217002 0.007751303384217002
277 0.007717858056858886 0.007717858056858886
278 0.007684696035307402 0.007684696035307402
279 0.0076518055954437544 0.0076518055954437544
280 0.007619182139704592 0.007619182139704592
281 0.007586830038451007 0.007586830038451007
282 0.007554741554552038 0.007554741554552038
283 0.007522908943876641 0.007522908943876641
284 0.007491338631259479 0.007491338631259479
285 0.00746002296291881 0.00746002296291881
286 0.00742895946555938 0.00742895946555938
287 0.0073981387166625195 0.0073981387166625195
288 0.007367564141289075 0.007367564141289075
289 0.007337236592366566 0.007337236592366566
290 0.007307145131342844 0.007307145131342844
291 0.007277289920550366 0.007277289920550366
292 0.0072476748938650245 0.0072476748938650245
293 0.00721828602696022 0.00721828602696022
294 0.007189127425003154 0.007189127425003154
295 0.007160199018074795 0.007160199018074795
296 0.007131495000556953 0.007131495000556953
297 0.007103007077839622 0.007103007077839622
298 0.0070747434695542484 0.0070747434695542484
299 0.00704669188943333 0.00704669188943333
300 0.007018857230695702 0.007018857230695702
301 0.006991231453292988 0.006991231453292988
302 0.006963818298175926 0.006963818298175926
303 0.006936608816222917 0.006936608816222917
304 0.006909607478830192 0.006909607478830192
305 0.0068828085316429005 0.0068828085316429005
306 0.006856210101132491 0.006856210101132491
307 0.006829809857568326 0.006829809857568326
308 0.006803604837946478 0.006803604837946478
309 0.006777593444465648 0.006777593444465648
310 0.006751770414742161 0.006751770414742161
311 0.006726139456854759 0.006726139456854759
312 0.006700692597639236 0.006700692597639236
313 0.0066754313347156475 0.0066754313347156475
314 0.006650357636728327 0.006650357636728327
315 0.006625462199633466 0.006625462199633466
316 0.006600746855203197 0.006600746855203197
317 0.006576212096259174 0.006576212096259174
318 0.00655185261026201 0.00655185261026201
319 0.006527667704757892 0.006527667704757892
320 0.006503655542687675 0.006503655542687675
321 0.006479810064579434 0.006479810064579434
322 0.006456135588703151 0.006456135588703151
323 0.006432628183613617 0.006432628183613617
324 0.006409283034297356 0.006409283034297356
325 0.006386104098101229 0.006386104098101229
326 0.006363084298946709 0.006363084298946709
327 0.006340224756150821 0.006340224756150821
328 0.006317526495061197 0.006317526495061197
329 0.006294985384786619 0.006294985384786619
330 0.006272597152855636 0.006272597152855636
331 0.006250363106182229 0.006250363106182229
332 0.006228280888216522 0.006228280888216522
333 0.006206349459818674 0.006206349459818674
334 0.006184566903311832 0.006184566903311832
335 0.006162934256955539 0.006162934256955539
336 0.006141448548647639 0.006141448548647639
337 0.006120106961158615 0.006120106961158615
338 0.006098906914826053 0.006098906914826053
339 0.006077848670468801 0.006077848670468801
340 0.006056930394392152 0.006056930394392152
341 0.0060361537935096155 0.0060361537935096155
342 0.006015514637957787 0.006015514637957787
343 0.005995010438795417 0.005995010438795417
344 0.005974641115280815 0.005974641115280815
345 0.005954405222579217 0.005954405222579217
346 0.005934303972928044 0.005934303972928044
347 0.005914334472355452 0.005914334472355452
348 0.0058944923798921215 0.0058944923798921215
349 0.005874781068060379 0.005874781068060379
350 0.00585519526846635 0.00585519526846635
351 0.005835737651304823 0.005835737651304823
352 0.00581640333303752 0.00581640333303752
353 0.005797194756876828 0.005797194756876828
354 0.00577810761320509 0.00577810761320509
355 0.0057591441227710545 0.0057591441227710545
356 0.005740299208829655 0.005740299208829655
357 0.005721575069435636 0.005721575069435636
358 0.005702969164323854 0.005702969164323854
359 0.005684478894565574 0.005684478894565574
360 0.005666104826830169 0.005666104826830169
361 0.00564784576814549 0.00564784576814549
362 0.00562970066099687 0.00562970066099687
363 0.005611668342715319 0.005611668342715319
364 0.005593749149951772 0.005593749149951772
365 0.005575939513411332 0.005575939513411332
366 0.005558239490721072 0.005558239490721072
367 0.005540649940358739 0.005540649940358739
368 0.005523166872175422 0.005523166872175422
369 0.005505792413137112 0.005505792413137112
370 0.005488523225723783 0.005488523225723783
371 0.005471357584297152 0.005471357584297152
372 0.005454296023859387 0.005454296023859387
373 0.005437337615431994 0.005437337615431994
374 0.005420481417811938 0.005420481417811938
375 0.005403728053926607 0.005403728053926607
376 0.005387075438518935 0.005387075438518935
377 0.00537052079700337 0.00537052079700337
378 0.005354066170699102 0.005354066170699102
379 0.0053377090684762684 0.0053377090684762684
380 0.005321447371039537 0.005321447371039537
381 0.005305283594883375 0.005305283594883375
382 0.00528921446835999 0.00528921446835999
383 0.005273238973354922 0.005273238973354922
384 0.0052573569503295055 0.0052573569503295055
385 0.005241568835995854 0.005241568835995854
386 0.00522587250735027 0.00522587250735027
387 0.005210266173240039 0.005210266173240039
388 0.005194750401752066 0.005194750401752066
389 0.0051793257637720025 0.0051793257637720025
390 0.005163989821660982 0.005163989821660982
391 0.005148742000700291 0.005148742000700291
392 0.005133580593656102 0.005133580593656102
393 0.005118505903719565 0.005118505903719565
394 0.0051035170606258265 0.0051035170606258265
395 0.005088613518552403 0.005088613518552403
396 0.0050737952543833086 0.0050737952543833086
397 0.0050590609021329315 0.0050590609021329315
398 0.005044408622282187 0.005044408622282187
399 0.005029838477311029 0.005029838477311029
400 0.005015350483325975 0.005015350483325975
401 0.005000943458536805 0.005000943458536805
402 0.004986616838665071 0.004986616838665071
403 0.004972369962457798 0.004972369962457798
404 0.004958202916360685 0.004958202916360685
405 0.004944113535250515 0.004944113535250515
406 0.004930101673216919 0.004930101673216919
407 0.004916167982499418 0.004916167982499418
408 0.004902310852126097 0.004902310852126097
409 0.004888529953030353 0.004888529953030353
410 0.004874823327074312 0.004874823327074312
411 0.004861191318491892 0.004861191318491892
412 0.004847633480336612 0.004847633480336612
413 0.0048341500288423015 0.0048341500288423015
414 0.004820738269556625 0.004820738269556625
415 0.004807399117971848 0.004807399117971848
416 0.004794132338728795 0.004794132338728795
417 0.004780935867954884 0.004780935867954884
418 0.004767810967593733 0.004767810967593733
419 0.004754755484393379 0.004754755484393379
420 0.004741770176620336 0.004741770176620336
421 0.004728853023422026 0.004728853023422026
422 0.0047160044994471115 0.0047160044994471115
423 0.0047032236434638745 0.0047032236434638745
424 0.004690511289111797 0.004690511289111797
425 0.004677865475922161 0.004677865475922161
426 0.0046652854544904886 0.0046652854544904886
427 0.00465277185867956 0.00465277185867956
428 0.004640322967226761 0.004640322967226761
429 0.004627938818305893 0.004627938818305893
430 0.004615618764065925 0.004615618764065925
431 0.004603363391059857 0.004603363391059857
432 0.004591171382541352 0.004591171382541352
433 0.004579041572991293 0.004579041572991293
434 0.004566974118600496 0.004566974118600496
435 0.0045549684572447225 0.0045549684572447225
436 0.004543025208460042 0.004543025208460042
437 0.004531142108785581 0.004531142108785581
438 0.004519319992642228 0.004519319992642228
439 0.004507557507291526 0.004507557507291526
440 0.00449585463414281 0.00449585463414281
441 0.004484211442363736 0.004484211442363736
442 0.004472626924894855 0.004472626924894855
443 0.004461100176992197 0.004461100176992197
444 0.004449631736006448 0.004449631736006448
445 0.004438220255415044 0.004438220255415044
446 0.004426866350044821 0.004426866350044821
447 0.004415569215647317 0.004415569215647317
448 0.004404327344132356 0.004404327344132356
449 0.0043931420374561875 0.0043931420374561875
450 0.004382011212176427 0.004382011212176427
451 0.004370936266801898 0.004370936266801898
452 0.004359915094447827 0.004359915094447827
453 0.004348948833932281 0.004348948833932281
454 0.004338035638762203 0.004338035638762203
455 0.0043271761776677775 0.0043271761776677775
456 0.0043163700023216706 0.0043163700023216706
457 0.004305615512455081 0.004305615512455081
458 0.004294913259835233 0.004294913259835233
459 0.004284262851375562 0.004284262851375562
460 0.004273664175613022 0.004273664175613022
461 0.0042631163718085605 0.0042631163718085605
462 0.004252619333852503 0.004252619333852503
463 0.004242173333662642 0.004242173333662642
464 0.004231776899482519 0.004231776899482519
465 0.004221430151950521 0.004221430151950521
466 0.0042111327584286725 0.0042111327584286725
467 0.004200884181556225 0.004200884181556225
468 0.004190684394619337 0.004190684394619337
469 0.0041805333374466385 0.0041805333374466385
470 0.004170429832930216 0.004170429832930216
471 0.004160374328038089 0.004160374328038089
472 0.004150365745252752 0.004150365745252752
473 0.004140404134238036 0.004140404134238036
474 0.004130489471654474 0.004130489471654474
475 0.004120620826631685 0.004120620826631685
476 0.004110798709840282 0.004110798709840282
477 0.004101022197791506 0.004101022197791506
478 0.00409129109843763 0.00409129109843763
479 0.004081604586132845 0.004081604586132845
480 0.004071963079300924 0.004071963079300924
481 0.0040623657222910925 0.0040623657222910925
482 0.004052812795641132 0.004052812795641132
483 0.004043303396327025 0.004043303396327025
484 0.004033837577864358 0.004033837577864358
485 0.004024415013129225 0.004024415013129225
486 0.004015035684677195 0.004015035684677195
487 0.004005699218701043 0.004005699218701043
488 0.003996405157125236 0.003996405157125236
489 0.003987152715459762 0.003987152715459762
490 0.003977942399450971 0.003977942399450971
491 0.003968773191729245 0.003968773191729245
492 0.003959645623482494 0.003959645623482494
493 0.0039505590842904255 0.0039505590842904255
494 0.003941513269334772 0.003941513269334772
495 0.003932507901194133 0.003932507901194133
496 0.0039235427115764205 0.0039235427115764205
497 0.003914617090113256 0.003914617090113256
498 0.0039057309887983024 0.0039057309887983024
499 0.0038968844512974237 0.0038968844512974237
500 0.003888076895018904 0.003888076895018904
501 0.003879308386578915 0.003879308386578915
502 0.0038705787943896473 0.0038705787943896473
503 0.0038618871927896567 0.0038618871927896567
504 0.003853233665421418 0.003853233665421418
505 0.003844618452954397 0.003844618452954397
506 0.003836040611308262 0.003836040611308262
507 0.0038275001855196315 0.0038275001855196315
508 0.003818997234570411 0.003818997234570411
509 0.0038105311929308044 0.0038105311929308044
510 0.00380210169039706 0.00380210169039706
511 0.0037937083975053704 0.0037937083975053704
512 0.0037853513351156698 0.0037853513351156698
513 0.0037770301937701963 0.0037770301937701963
514 0.0037687452519650547 0.0037687452519650547
515 0.0037604954197079936 0.0037604954197079936
516 0.003752281147314545 0.003752281147314545
517 0.003744101962019875 0.003744101962019875
518 0.0037359572307004304 0.0037359572307004304
519 0.003727847471434777 0.003727847471434777
520 0.0037197719313585586 0.0037197719313585586
521 0.003711730908029112 0.003711730908029112
522 0.003703723744856442 0.003703723744856442
523 0.0036957501273088985 0.0036957501273088985
524 0.003687810332719559 0.003687810332719559
525 0.0036799039767913726 0.0036799039767913726
526 0.0036720304380418144 0.0036720304380418144
527 0.003664190054001933 0.003664190054001933
528 0.00365638211625035 0.00365638211625035
529 0.0036486070396278348 0.0036486070396278348
530 0.0036408640564347707 0.0036408640564347707
531 0.0036331531950531816 0.0036331531950531816
532 0.0036254742966760406 0.0036254742966760406
533 0.0036178274471790916 0.0036178274471790916
534 0.0036102121991777184 0.0036102121991777184
535 0.0036026282854700327 0.0036026282854700327
536 0.003595075441900756 0.003595075441900756
537 0.0035875535300116355 0.0035875535300116355
538 0.003580062196630111 0.003580062196630111
539 0.00357260181391297 0.00357260181391297
540 0.00356517181583314 0.00356517181583314
541 0.003557771935824768 0.003557771935824768
542 0.003550402274065188 0.003550402274065188
543 0.003543062482311274 0.003543062482311274
544 0.0035357519552260117 0.0035357519552260117
545 0.0035284712372945894 0.0035284712372945894
546 0.003521219891844112 0.003521219891844112
547 0.0035139977589925308 0.0035139977589925308
548 0.0035068041990407575 0.0035068041990407575
549 0.0034996397787795 0.0034996397787795
550 0.0034925041541159167 0.0034925041541159167
551 0.0034853968605811766 0.0034853968605811766
552 0.003478317678626635 0.003478317678626635
553 0.003471266870996368 0.003471266870996368
554 0.0034642437204382105 0.0034642437204382105
555 0.003457248820770616 0.003457248820770616
556 0.003450281218049171 0.003450281218049171
557 0.003443341129464983 0.003443341129464983
558 0.0034364284040939537 0.0034364284040939537
559 0.003429543142906842 0.003429543142906842
560 0.0034226848931865404 0.0034226848931865404
561 0.003415853156970324 0.003415853156970324
562 0.0034090481463504 0.0034090481463504
563 0.0034022696864956735 0.0034022696864956735
564 0.0033955177829842783 0.0033955177829842783
565 0.003388791989452448 0.003388791989452448
566 0.0033820922379770154 0.0033820922379770154
567 0.0033754187511825092 0.0033754187511825092
568 0.0033687706960654844 0.0033687706960654844
569 0.0033621483785655033 0.0033621483785655033
570 0.0033555517186048935 0.0033555517186048935
571 0.003348980203231675 0.003348980203231675
572 0.003342434190724426 0.003342434190724426
573 0.0033359129954244763 0.0033359129954244763
574 0.0033294166822085847 0.0033294166822085847
575 0.0033229453488389884 0.0033229453488389884
576 0.003316498675339908 0.003316498675339908
577 0.003310076260563236 0.003310076260563236
578 0.003303678274682132 0.003303678274682132
579 0.003297304547363588 0.003297304547363588
580 0.003290954875118758 0.003290954875118758
581 0.003284629197340234 0.003284629197340234
582 0.0032783275723681643 0.0032783275723681643
583 0.003272049529613303 0.003272049529613303
584 0.003265795046936183 0.003265795046936183
585 0.0032595641196059492 0.0032595641196059492
586 0.003253356257593732 0.003253356257593732
587 0.0032471714904222927 0.0032471714904222927
588 0.003241009730518468 0.003241009730518468
589 0.003234870968850889 0.003234870968850889
590 0.003228755258676447 0.003228755258676447
591 0.003222661952782155 0.003222661952782155
592 0.0032165912301348482 0.0032165912301348482
593 0.003210543061465736 0.003210543061465736
594 0.003204516953189571 0.003204516953189571
595 0.0031985131071453677 0.0031985131071453677
596 0.003192531419470666 0.003192531419470666
597 0.0031865716633899654 0.0031865716633899654
598 0.0031806337198884886 0.0031806337198884886
599 0.0031747175443651 0.0031747175443651
600 0.003168822871668341 0.003168822871668341
601 0.003162949733175874 0.003162949733175874
602 0.003157097960992115 0.003157097960992115
603 0.0031512672089027386 0.0031512672089027386
604 0.0031454577607608262 0.0031454577607608262
605 0.0031396690591158167 0.0031396690591158167
606 0.003133901504755787 0.003133901504755787
607 0.0031281546816315136 0.0031281546816315136
608 0.003122428525638968 0.003122428525638968
609 0.003116722945194666 0.003116722945194666
610 0.003111037844268045 0.003111037844268045
611 0.0031053728927831815 0.0031053728927831815
612 0.003099728097978294 0.003099728097978294
613 0.0030941036453410392 0.0030941036453410392
614 0.003088499000681623 0.003088499000681623
615 0.003082914552931331 0.003082914552931331
616 0.0030773497306837852 0.0030773497306837852
617 0.0030718045867275867 0.0030718045867275867
618 0.0030662790752339786 0.0030662790752339786
619 0.0030607729721132326 0.0030607729721132326
620 0.0030552864502741968 0.0030552864502741968
621 0.003049819101874924 0.003049819101874924
622 0.0030443710942970326 0.0030443710942970326
623 0.003038942227031771 0.003038942227031771
624 0.0030335321748321212 0.0030335321748321212
625 0.0030281410516086247 0.0030281410516086247
626 0.0030227687303354413 0.0030227687303354413
627 0.0030174150935057898 0.0030174150935057898
628 0.0030120800855343776 0.0030120800855343776
629 0.00300676369439889 0.00300676369439889
630 0.0030014656966247683 0.0030014656966247683
631 0.002996186043000951 0.002996186043000951
632 0.0029909244991373823 0.0029909244991373823
633 0.0029856810183266037 0.0029856810183266037
634 0.0029804556425000526 0.0029804556425000526
635 0.002975248323199787 0.002975248323199787
636 0.0029700587725258053 0.0029700587725258053
637 0.0029648870810954704 0.0029648870810954704
638 0.0029597330677700864 0.0029597330677700864
639 0.0029545965524270545 0.0029545965524270545
640 0.002949477624851109 0.002949477624851109
641 0.0029443761436771004 0.0029443761436771004
642 0.0029392919510782714 0.0029392919510782714
643 0.0029342249944987785 0.0029342249944987785
644 0.002929175081629925 0.002929175081629925
645 0.002924142182871079 0.002924142182871079
646 0.002919126509594551 0.002919126509594551
647 0.002914127548444038 0.002914127548444038
648 0.0029091453845374437 0.0029091453845374437
649 0.0029041800801816015 0.0029041800801816015
650 0.0028992312985133533 0.0028992312985133533
651 0.002894299198672898 0.002894299198672898
652 0.002889383478716723 0.002889383478716723
653 0.002884484217959689 0.002884484217959689
654 0.0028796011393670876 0.0028796011393670876
655 0.0028747344618983385 0.0028747344618983385
656 0.0028698837602746325 0.0028698837602746325
657 0.0028650492794950995 0.0028650492794950995
658 0.00286023066580084 0.00286023066580084
659 0.0028554280242145042 0.0028554280242145042
660 0.0028506413151953985 0.0028506413151953985
661 0.002845870278363801 0.002845870278363801
662 0.002841114919844564 0.002841114919844564
663 0.0028363751140980135 0.0028363751140980135
664 0.0028316510602086425 0.0028316510602086425
665 0.002826942461566637 0.002826942461566637
666 0.0028222491658686736 0.0028222491658686736
667 0.0028175712283041885 0.0028175712283041885
668 0.0028129085537483907 0.0028129085537483907
669 0.0028082608527321006 0.0028082608527321006
670 0.002803628375754039 0.002803628375754039
671 0.0027990107502654984 0.0027990107502654984
672 0.0027944081407406695 0.0027944081407406695
673 0.0027898204930055562 0.0027898204930055562
674 0.0027852476429609282 0.0027852476429609282
675 0.002780689435650161 0.002780689435650161
676 0.0027761458864655653 0.0027761458864655653
677 0.002771617001063142 0.002771617001063142
678 0.0027671026201294144 0.0027671026201294144
679 0.0027626027059877416 0.0027626027059877416
680 0.0027581171857919964 0.0027581171857919964
681 0.0027536459643773005 0.0027536459643773005
682 0.0027491889886683057 0.0027491889886683057
683 0.0027447461771093517 0.0027447461771093517
684 0.0027403173648760403 0.0027403173648760403
685 0.0027359027278692077 0.0027359027278692077
686 0.0027315020519671383 0.0027315020519671383
687 0.002727115292236692 0.002727115292236692
688 0.002722742379580274 0.002722742379580274
689 0.002718383276047883 0.002718383276047883
690 0.002714037816074759 0.002714037816074759
691 0.0027097060617025494 0.0027097060617025494
692 0.002705387926859276 0.002705387926859276
693 0.002701083337702727 0.002701083337702727
694 0.002696792167870021 0.002696792167870021
695 0.002692514337520498 0.002692514337520498
696 0.002688249940097168 0.002688249940097168
697 0.00268399868867128 0.00268399868867128
698 0.0026797607758564097 0.0026797607758564097
699 0.002675536075910143 0.002675536075910143
700 0.0026713244161912625 0.0026713244161912625
701 0.002667125801824545 0.002667125801824545
702 0.002662940066851585 0.002662940066851585
703 0.002658767258372932 0.002658767258372932
704 0.002654607297823218 0.002654607297823218
705 0.0026504601404809696 0.0026504601404809696
706 0.002646325737427123 0.002646325737427123
707 0.002642204090232975 0.002642204090232975
708 0.00263809510737954 0.00263809510737954
709 0.002633998704133482 0.002633998704133482
710 0.0026299147858173805 0.0026299147858173805
711 0.002625843277240757 0.002625843277240757
712 0.002621784183568312 0.002621784183568312
713 0.002617737482264173 0.002617737482264173
714 0.002613702942901022 0.002613702942901022
715 0.002609680647822647 0.002609680647822647
716 0.0026056705056258303 0.0026056705056258303
717 0.0026016725054612824 0.0026016725054612824
718 0.002597686560560041 0.002597686560560041
719 0.002593712726729775 0.002593712726729775
720 0.0025897507464337807 0.0025897507464337807
721 0.0025858007516439013 0.0025858007516439013
722 0.0025818626197408635 0.0025818626197408635
723 0.0025779362738619547 0.0025779362738619547
724 0.0025740215726646563 0.0025740215726646563
725 0.002570118708710949 0.002570118708710949
726 0.0025662273589702462 0.0025662273589702462
727 0.002562347628743377 0.002562347628743377
728 0.0025584795027241737 0.0025584795027241737
729 0.002554622903387653 0.002554622903387653
730 0.002550777616928653 0.002550777616928653
731 0.0025469437091726554 0.0025469437091726554
732 0.0025431211317997263 0.0025431211317997263
733 0.0025393099764715334 0.0025393099764715334
734 0.002535510034471585 0.002535510034471585
735 0.0025317213292450043 0.0025317213292450043
736 0.00252794366762515 0.00252794366762515
737 0.0025241771958897288 0.0025241771958897288
738 0.002520421710525916 0.002520421710525916
739 0.0025166771273796755 0.0025166771273796755
740 0.0025129435272933866 0.0025129435272933866
741 0.002509220807244632 0.002509220807244632
742 0.0025055089764090457 0.0025055089764090457
743 0.0025018080552361745 0.0025018080552361745
744 0.002498117799732377 0.002498117799732377
745 0.002494438217447493 0.002494438217447493
746 0.002490769381516409 0.002490769381516409
747 0.002487111079594075 0.002487111079594075
748 0.0024834634634975494 0.0024834634634975494
749 0.0024798263681921734 0.0024798263681921734
750 0.002476199681403307 0.002476199681403307
751 0.002472583514277842 0.002472583514277842
752 0.0024689777844903492 0.0024689777844903492
753 0.002465382306104032 0.002465382306104032
754 0.0024617972021277372 0.0024617972021277372
755 0.002458222342246156 0.002458222342246156
756 0.0024546576275876674 0.0024546576275876674
757 0.0024511032078951903 0.0024511032078951903
758 0.002447558911488509 0.002447558911488509
759 0.0024440246392866847 0.0024440246392866847
760 0.002440500491660998 0.002440500491660998
761 0.00243698630575821 0.00243698630575821
762 0.0024334821170957357 0.0024334821170957357
763 0.0024299878161914137 0.0024299878161914137
764 0.0024265034491293886 0.0024265034491293886
765 0.0024230288237947 0.0024230288237947
766 0.002419564052005832 0.002419564052005832
767 0.002416109024479035 0.002416109024479035
768 0.0024126637132851963 0.0024126637132851963
769 0.00240922808575762 0.00240922808575762
770 0.0024058020818197847 0.0024058020818197847
771 0.0024023856842860488 0.0024023856842860488
772 0.0023989788308383148 0.0023989788308383148
773 0.002395581501803149 0.002395581501803149
774 0.0023921936482280103 0.0023921936482280103
775 0.0023888151424013267 0.0023888151424013267
776 0.0023854461536898354 0.0023854461536898354
777 0.00238208653181949 0.00238208653181949
778 0.0023787361124904508 0.0023787361124904508
779 0.0023753950918136927 0.0023753950918136927
780 0.002372063198359665 0.002372063198359665
781 0.0023687405960624215 0.0023687405960624215
782 0.0023654271826898093 0.0023654271826898093
783 0.0023621228306966897 0.0023621228306966897
784 0.002358827648347176 0.002358827648347176
785 0.00235554152265504 0.00235554152265504
786 0.0023522643097914266 0.0023522643097914266
787 0.0023489961534040983 0.0023489961534040983
788 0.002345736923642485 0.002345736923642485
789 0.0023424866334670036 0.0023424866334670036
790 0.002339245186674055 0.002339245186674055
791 0.002336012549685769 0.002336012549685769
792 0.0023327886864492157 0.0023327886864492157
793 0.0023295735717151034 0.0023295735717151034
794 0.0023263672254770083 0.0023263672254770083
795 0.0023231695819048853 0.0023231695819048853
796 0.0023199806422485683 0.0023199806422485683
797 0.002316800309593349 0.002316800309593349
798 0.0023136285790184468 0.0023136285790184468
799 0.002310465429979678 0.002310465429979678
800 0.0023073107754803808 0.0023073107754803808
801 0.0023041645982193127 0.0023041645982193127
802 0.0023010269117143215 0.0023010269117143215
803 0.0022978976255330595 0.0022978976255330595
804 0.002294776718536156 0.002294776718536156
805 0.002291664128354215 0.002291664128354215
806 0.0022885599206669324 0.0022885599206669324
807 0.002285463939792432 0.002285463939792432
808 0.0022823762481536166 0.0022823762481536166
809 0.00227929670134264 0.00227929670134264
810 0.0022762253519567977 0.0022762253519567977
811 0.002273162151152028 0.002273162151152028
812 0.002270107109022124 0.002270107109022124
813 0.002267060207570326 0.002267060207570326
814 0.0022640212946851146 0.0022640212946851146
815 0.0022609904339971777 0.0022609904339971777
816 0.00225796754130765 0.00225796754130765
817 0.002254952645007258 0.002254952645007258
818 0.002251945741291487 0.002251945741291487
819 0.0022489466838689657 0.0022489466838689657
820 0.0022459555028376504 0.0022459555028376504
821 0.0022429722012164343 0.0022429722012164343
822 0.002239996673509644 0.002239996673509644
823 0.0022370289645832772 0.0022370289645832772
824 0.002234069008138176 0.002234069008138176
825 0.0022311167110363314 0.0022311167110363314
826 0.0022281721742015764 0.0022281721742015764
827 0.0022252352378671608 0.0022252352378671608
828 0.002222305954947393 0.002222305954947393
829 0.002219384297473335 0.002219384297473335
830 0.002216470154737511 0.002216470154737511
831 0.0022135635931092097 0.0022135635931092097
832 0.002210664607041815 0.002210664607041815
833 0.002207773083187009 0.002207773083187009
834 0.00220488900793551 0.00220488900793551
835 0.002202012295446348 0.002202012295446348
836 0.0021991430506624467 0.0021991430506624467
837 0.0021962811328367807 0.0021962811328367807
838 0.0021934266254369336 0.0021934266254369336
839 0.002190579347290089 0.002190579347290089
840 0.0021877393919929704 0.0021877393919929704
841 0.0021849066929544797 0.0021849066929544797
842 0.0021820812241146936 0.0021820812241146936
843 0.002179262963836934 0.002179262963836934
844 0.002176451859424316 0.002176451859424316
845 0.002173647961602578 0.002173647961602578
846 0.002170851160002861 0.002170851160002861
847 0.0021680614750717577 0.0021680614750717577
848 0.002165278806736597 0.002165278806736597
849 0.0021625032569464516 0.0021625032569464516
850 0.0021597346752813104 0.0021597346752813104
851 0.0021569731261627586 0.0021569731261627586
852 0.0021542184731572172 0.0021542184731572172
853 0.0021514708335728973 0.0021514708335728973
854 0.002148730083933933 0.002148730083933933
855 0.002145996222007885 0.002145996222007885
856 0.0021432692022775373 0.0021432692022775373
857 0.002140549063805379 0.002140549063805379
858 0.002137835681182077 0.002137835681182077
859 0.0021351290849634724 0.0021351290849634724
860 0.0021324292466358354 0.0021324292466358354
861 0.002129736142739112 0.002129736142739112
862 0.0021270497419127584 0.0021270497419127584
863 0.0021243700843004603 0.0021243700843004603
864 0.0021216970405786087 0.0021216970405786087
865 0.002119030628551898 0.002119030628551898
866 0.0021163708496549157 0.0021163708496549157
867 0.002113717606836037 0.002113717606836037
868 0.0021110709471315933 0.0021110709471315933
869 0.002108430861464474 0.002108430861464474
870 0.0021057972519252606 0.0021057972519252606
871 0.002103170114366083 0.002103170114366083
872 0.002100549463806782 0.002100549463806782
873 0.0020979352541225017 0.0020979352541225017
874 0.0020953274637527143 0.0020953274637527143
875 0.002092726130481808 0.002092726130481808
876 0.002090131150806761 0.002090131150806761
877 0.002087542485578478 0.002087542485578478
878 0.0020849602003935336 0.0020849602003935336
879 0.0020823841910986964 0.0020823841910986964
880 0.00207981447516136 0.00207981447516136
881 0.0020772510225421465 0.0020772510225421465
882 0.002074693740105774 0.002074693740105774
883 0.002072142722051261 0.002072142722051261
884 0.0020695978941325903 0.0020695978941325903
885 0.0020670591746250575 0.0020670591746250575
886 0.0020645266590017543 0.0020645266590017543
887 0.002062000260840729 0.002062000260840729
888 0.0020594799127146885 0.0020594799127146885
889 0.0020569656502494754 0.0020569656502494754
890 0.002054457470435584 0.002054457470435584
891 0.0020519553248769798 0.0020519553248769798
892 0.0020494591709337806 0.0020494591709337806
893 0.0020469690287075455 0.0020469690287075455
894 0.002044484833845298 0.002044484833845298
895 0.0020420066136616313 0.0020420066136616313
896 0.002039534310056741 0.002039534310056741
897 0.0020370679180536934 0.0020370679180536934
898 0.0020346074399291247 0.0020346074399291247
899 0.0020321528262492684 0.0020321528262492684
900 0.0020297040703267395 0.0020297040703267395
901 0.0020272611329719224 0.0020272611329719224
902 0.0020248239579273852 0.0020248239579273852
903 0.002022392602092122 0.002022392602092122
904 0.0020199669737786027 0.0020199669737786027
905 0.002017547127878295 0.002017547127878295
906 0.002015132970554804 0.002015132970554804
907 0.0020127245724476045 0.0020127245724476045
908 0.0020103218278030525 0.0020103218278030525
909 0.002007924746588485 0.002007924746588485
910 0.0020055333077887406 0.0020055333077887406
911 0.002003147462822612 0.002003147462822612
912 0.0020007672609538827 0.0020007672609538827
913 0.001998392614610397 0.001998392614610397
914 0.0019960235704494077 0.0019960235704494077
915 0.0019936600093351797 0.0019936600093351797
916 0.0019913019891596587 0.0019913019891596587
917 0.0019889494753610143 0.0019889494753610143
918 0.0019866024488206777 0.0019866024488206777
919 0.001984260941225493 0.001984260941225493
920 0.001981924855188927 0.001981924855188927
921 0.0019795942276558337 0.0019795942276558337
922 0.0019772689514371005 0.0019772689514371005
923 0.001974949127899892 0.001974949127899892
924 0.00197263461363216 0.00197263461363216
925 0.0019703255034518355 0.0019703255034518355
926 0.0019680217303591173 0.0019680217303591173
927 0.0019657232335499627 0.0019657232335499627
928 0.0019634300949734227 0.0019634300949734227
929 0.0019611422121745053 0.0019611422121745053
930 0.001958859584318311 0.001958859584318311
931 0.001956582201406534 0.001956582201406534
932 0.001954310057786064 0.001954310057786064
933 0.0019520431155364826 0.0019520431155364826
934 0.0019497813601933758 0.0019497813601933758
935 0.0019475248012196184 0.0019475248012196184
936 0.001945273368980479 0.001945273368980479
937 0.0019430270720496344 0.0019430270720496344
938 0.0019407859283032645 0.0019407859283032645
939 0.0019385498594912932 0.0019385498594912932
940 0.001936318886559931 0.001936318886559931
941 0.0019340930066653603 0.0019340930066653603
942 0.0019318721942750382 0.0019318721942750382
943 0.0019296564090354996 0.0019296564090354996
944 0.0019274456523072716 0.0019274456523072716
945 0.0019252398670943048 0.0019252398670943048
946 0.001923039067750436 0.001923039067750436
947 0.0019208432342416356 0.0019208432342416356
948 0.0019186523612746724 0.0019186523612746724
949 0.0019164664210140018 0.0019164664210140018
950 0.001914285424326587 0.001914285424326587
951 0.0019121093389926171 0.0019121093389926171
952 0.0019099380880904428 0.0019099380880904428
953 0.0019077717170729574 0.0019077717170729574
954 0.0019056102415573569 0.0019056102415573569
955 0.001903453566152407 0.001903453566152407
956 0.0019013017106931677 0.0019013017106931677
957 0.0018991546861606124 0.0018991546861606124
958 0.0018970124450945684 0.0018970124450945684
959 0.001894874967633731 0.001894874967633731
960 0.0018927422434014253 0.0018927422434014253
961 0.001890614280271532 0.001890614280271532
962 0.0018884910213316892 0.0018884910213316892
963 0.0018863724647344756 0.0018863724647344756
964 0.0018842586121326163 0.0018842586121326163
965 0.0018821494309040816 0.0018821494309040816
966 0.0018800449227145675 0.0018800449227145675
967 0.0018779450815843866 0.0018779450815843866
968 0.0018758498477564143 0.0018758498477564143
969 0.0018737592492873091 0.0018737592492873091
970 0.0018716732621474612 0.0018716732621474612
971 0.0018695918431292074 0.0018695918431292074
972 0.00186751498757794 0.00186751498757794
973 0.0018654427307664566 0.0018654427307664566
974 0.001863375008208712 0.001863375008208712
975 0.001861311788737001 0.001861311788737001
976 0.0018592531129465995 0.0018592531129465995
977 0.0018571989148059292 0.0018571989148059292
978 0.001855149188774856 0.001855149188774856
979 0.0018531039329600565 0.0018531039329600565
980 0.001851063164632935 0.001851063164632935
981 0.00184902682575446 0.00184902682575446
982 0.001846994938251672 0.001846994938251672
983 0.0018449674496973185 0.0018449674496973185
984 0.0018429443563967047 0.0018429443563967047
985 0.0018409256267973466 0.0018409256267973466
986 0.0018389112986487346 0.0018389112986487346
987 0.0018369013172077422 0.0018369013172077422
988 0.0018348956582516613 0.0018348956582516613
989 0.0018328943548503295 0.0018328943548503295
990 0.0018308973297510786 0.0018308973297510786
991 0.0018289046495262532 0.0018289046495262532
992 0.0018269162277357997 0.0018269162277357997
993 0.001824932065687333 0.001824932065687333
994 0.001822952181944429 0.001822952181944429
995 0.0018209765275810656 0.0018209765275810656
996 0.0018190051242659884 0.0018190051242659884
997 0.0018170379198607777 0.0018170379198607777
998 0.0018150749469361717 0.0018150749469361717
999 0.0018131161412363926 0.0018131161412363926
1000 0.001811161525198502 0.001811161525198502
1001 0.0018092110641399345 0.0018092110641399345
1002 0.0018072647650100773 0.0018072647650100773
1003 0.0018053225899530767 0.0018053225899530767
1004 0.0018033845494961976 0.0018033845494961976
1005 0.0018014506381720057 0.0018014506381720057
1006 0.0017995208003377674 0.0017995208003377674
1007 0.0017975950514576829 0.0017975950514576829
1008 0.0017956733920460827 0.0017956733920460827
1009 0.0017937557800981631 0.0017937557800981631
1010 0.0017918421991029664 0.0017918421991029664
1011 0.001789932684159725 0.001789932684159725
1012 0.0017880271804254408 0.0017880271804254408
1013 0.0017861256819099532 0.0017861256819099532
1014 0.0017842281675367253 0.0017842281675367253
1015 0.0017823346580867283 0.0017823346580867283
1016 0.001780445129813998 0.001780445129813998
1017 0.0017785595323132441 0.0017785595323132441
1018 0.0017766778967608973 0.0017766778967608973
1019 0.0017748001984728935 0.0017748001984728935
1020 0.0017729264471833357 0.0017729264471833357
1021 0.0017710565920609441 0.0017710565920609441
1022 0.0017691906196902773 0.0017691906196902773
1023 0.0017673285342049976 0.0017673285342049976
1024 0.0017654703198173442 0.0017654703198173442
1025 0.001763615968286448 0.001763615968286448
1026 0.0017617654628694017 0.0017617654628694017
1027 0.0017599187973709471 0.0017599187973709471
1028 0.001758075981975247 0.001758075981975247
1029 0.00175623697408084 0.00175623697408084
1030 0.00175440177636274 0.00175440177636274
1031 0.0017525703788212987 0.0017525703788212987
1032 0.001750742730960562 0.001750742730960562
1033 0.001748918877063881 0.001748918877063881
1034 0.0017470987848191234 0.0017470987848191234
1035 0.001745282418038721 0.001745282418038721
1036 0.0017434697741709646 0.0017434697741709646
1037 0.0017416608678320201 0.0017416608678320201
1038 0.0017398556890487022 0.0017398556890487022
1039 0.0017380541980024063 0.0017380541980024063
1040 0.001736256403497792 0.001736256403497792
1041 0.0017344622637181389 0.0017344622637181389
1042 0.0017326718089341036 0.0017326718089341036
1043 0.001730885011689506 0.001730885011689506
1044 0.0017291018727082766 0.0017291018727082766
1045 0.0017273223403479225 0.0017273223403479225
1046 0.001725546438454711 0.001725546438454711
1047 0.0017237741242089521 0.0017237741242089521
1048 0.0017220054355646791 0.0017220054355646791
1049 0.0017202403102364306 0.0017202403102364306
1050 0.001718478789376942 0.001718478789376942
1051 0.0017167208238545032 0.0017167208238545032
1052 0.001714966440121778 0.001714966440121778
1053 0.0017132155871153174 0.0017132155871153174
1054 0.0017114682537135223 0.0017114682537135223
1055 0.001709724470751298 0.001709724470751298
1056 0.0017079842061750944 0.0017079842061750944
1057 0.0017062474370200375 0.0017062474370200375
1058 0.001704514151093745 0.001704514151093745
1059 0.0017027843339522109 0.0017027843339522109
1060 0.0017010580103230181 0.0017010580103230181
1061 0.0016993351372338035 0.0016993351372338035
1062 0.0016976157139870132 0.0016976157139870132
1063 0.0016958997199379745 0.0016958997199379745
1064 0.0016941871733974156 0.0016941871733974156
1065 0.0016924780350559944 0.0016924780350559944
1066 0.0016907723288077641 0.0016907723288077641
1067 0.0016890700062776654 0.0016890700062776654
1068 0.0016873710756978516 0.0016873710756978516
1069 0.0016856755347803047 0.0016856755347803047
1070 0.0016839833394380905 0.0016839833394380905
1071 0.0016822945414837716 0.0016822945414837716
1072 0.0016806090739746224 0.0016806090739746224
1073 0.0016789269453232033 0.0016789269453232033
1074 0.001677248151641563 0.001677248151641563
1075 0.0016755726756843088 0.0016755726756843088
1076 0.0016739005051381601 0.0016739005051381601
1077 0.0016722316480991353 0.0016722316480991353
1078 0.0016705660725322934 0.0016705660725322934
1079 0.0016689037804195742 0.0016689037804195742
1080 0.0016672447809829593 0.0016672447809829593
1081 0.0016655890211460318 0.0016655890211460318
1082 0.001663936528319907 0.001663936528319907
1083 0.0016622872689255757 0.0016622872689255757
1084 0.00166064125495275 0.00166064125495275
1085 0.001658998437467331 0.001658998437467331
1086 0.0016573588662567263 0.0016573588662567263
1087 0.0016557224792669288 0.0016557224792669288
1088 0.0016540892866405994 0.0016540892866405994
1089 0.001652459285275191 0.001652459285275191
1090 0.001650832460123894 0.001650832460123894
1091 0.0016492088140892063 0.0016492088140892063
1092 0.0016475883338628915 0.0016475883338628915
1093 0.001645971003918703 0.001645971003918703
1094 0.0016443568018605654 0.0016443568018605654
1095 0.0016427457342611928 0.0016427457342611928
1096 0.0016411377974220526 0.0016411377974220526
1097 0.0016395329564494077 0.0016395329564494077
1098 0.0016379312174925002 0.0016379312174925002
1099 0.0016363325863466914 0.0016363325863466914
1100 0.0016347370513838029 0.0016347370513838029
1101 0.0016331445880652636 0.0016331445880652636
1102 0.0016315552123453271 0.0016315552123453271
1103 0.001629968885143306 0.001629968885143306
1104 0.0016283855970989718 0.0016283855970989718
1105 0.0016268053584032741 0.0016268053584032741
1106 0.001625228173627045 0.001625228173627045
1107 0.0016236540064603002 0.0016236540064603002
1108 0.0016220828405815548 0.0016220828405815548
1109 0.00162051468335117 0.00162051468335117
1110 0.0016189495498374964 0.0016189495498374964
1111 0.0016173873958579867 0.0016173873958579867
1112 0.0016158282175172654 0.0016158282175172654
1113 0.0016142720179365892 0.0016142720179365892
1114 0.0016127187735609154 0.0016127187735609154
1115 0.0016111685004898658 0.0016111685004898658
1116 0.0016096211570757924 0.0016096211570757924
1117 0.0016080767624379135 0.0016080767624379135
1118 0.0016065353168199042 0.0016065353168199042
1119 0.0016049967841798517 0.0016049967841798517
1120 0.0016034611845345405 0.0016034611845345405
1121 0.0016019284689835361 0.0016019284689835361
1122 0.0016003986636539465 0.0016003986636539465
1123 0.0015988717489253072 0.0015988717489253072
1124 0.001597347727834631 0.001597347727834631
1125 0.001595826577880675 0.001595826577880675
1126 0.0015943082786533092 0.0015943082786533092
1127 0.0015927928462019358 0.0015927928462019358
1128 0.001591280263505719 0.001591280263505719
1129 0.0015897705223790577 0.0015897705223790577
1130 0.0015882636051682826 0.0015882636051682826
1131 0.0015867595144711604 0.0015867595144711604
1132 0.0015852582529058534 0.0015852582529058534
1133 0.001583759823076012 0.001583759823076012
1134 0.001582264178999258 0.001582264178999258
1135 0.001580771347495188 0.001580771347495188
1136 0.0015792813045399322 0.0015792813045399322
1137 0.0015777940117529421 0.0015777940117529421
1138 0.0015763095031472896 0.0015763095031472896
1139 0.0015748277694187804 0.0015748277694187804
1140 0.0015733487772763414 0.0015733487772763414
1141 0.0015718725542117381 0.0015718725542117381
1142 0.0015703990593151488 0.0015703990593151488
1143 0.0015689282865299357 0.0015689282865299357
1144 0.0015674602624613674 0.0015674602624613674
1145 0.0015659949610744932 0.0015659949610744932
1146 0.0015645323552992232 0.0015645323552992232
1147 0.0015630724549279928 0.0015630724549279928
1148 0.0015616152556680728 0.0015616152556680728
1149 0.0015601607413389886 0.0015601607413389886
1150 0.0015587089263549652 0.0015587089263549652
1151 0.0015572597656268745 0.0015572597656268745
1152 0.0015558132721708426 0.0015558132721708426
1153 0.0015543694386741063 0.0015543694386741063
1154 0.001552928270863754 0.001552928270863754
1155 0.0015514897435855307 0.0015514897435855307
1156 0.001550053859176331 0.001550053859176331
1157 0.0015486206096284798 0.0015486206096284798
1158 0.0015471899865616245 0.0015471899865616245
1159 0.0015457619618786246 0.0015457619618786246
1160 0.0015443365509460584 0.0015443365509460584
1161 0.0015429137290252667 0.0015429137290252667
1162 0.001541493516798238 0.001541493516798238
1163 0.001540075891779016 0.001540075891779016
1164 0.0015386608405871427 0.0015386608405871427
1165 0.0015372483719619284 0.0015372483719619284
1166 0.0015358384830486647 0.0015358384830486647
1167 0.0015344311477286181 0.0015344311477286181
1168 0.0015330263634328832 0.0015330263634328832
1169 0.0015316241185607262 0.0015316241185607262
1170 0.0015302244197673179 0.0015302244197673179
1171 0.001528827243833924 0.001528827243833924
1172 0.0015274325872972599 0.0015274325872972599
1173 0.0015260404598254529 0.0015260404598254529
1174 0.0015246508503149398 0.0015246508503149398
1175 0.0015232637451358774 0.0015232637451358774
1176 0.0015218791272144797 0.0015218791272144797
1177 0.0015204970189039942 0.0015204970189039942
1178 0.0015191173870178867 0.0015191173870178867
1179 0.00151774024786711 0.00151774024786711
1180 0.0015163655722254508 0.0015163655722254508
1181 0.001514993356077042 0.001514993356077042
1182 0.001513623598236611 0.001513623598236611
1183 0.001512256301610318 0.001512256301610318
1184 0.0015108914324266894 0.0015108914324266894
1185 0.0015095290245561836 0.0015095290245561836
1186 0.0015081690364749543 0.0015081690364749543
1187 0.0015068114722082146 0.0015068114722082146
1188 0.0015054563341858577 0.0015054563341858577
1189 0.0015041036088521962 0.0015041036088521962
1190 0.001502753285142112 0.001502753285142112
1191 0.0015014053751577078 0.0015014053751577078
1192 0.0015000598531555854 0.0015000598531555854
1193 0.0014987167115042247 0.0014987167115042247
1194 0.0014973759620807794 0.0014973759620807794
1195 0.0014960375914017858 0.0014960375914017858
1196 0.001494701579492623 0.001494701579492623
1197 0.001493367945532414 0.001493367945532414
1198 0.0014920366688071735 0.0014920366688071735
1199 0.0014907077233473438 0.0014907077233473438
1200 0.0014893811231424985 0.0014893811231424985
1201 0.0014880568725284492 0.0014880568725284492
1202 0.0014867349414917218 0.0014867349414917218
1203 0.0014854153455030705 0.0014854153455030705
1204 0.0014840980641324267 0.0014840980641324267
1205 0.0014827830924541386 0.0014827830924541386
1206 0.0014814704293645007 0.0014814704293645007
1207 0.0014801600824811737 0.0014801600824811737
1208 0.0014788520289627718 0.0014788520289627718
1209 0.0014775462513493011 0.0014775462513493011
1210 0.0014762427673429242 0.0014762427673429242
1211 0.001474941551062666 0.001474941551062666
1212 0.0014736426136725408 0.0014736426136725408
1213 0.0014723459421073315 0.0014723459421073315
1214 0.0014710515261577143 0.0014710515261577143
1215 0.0014697593670571958 0.0014697593670571958
1216 0.0014684694518890215 0.0014684694518890215
1217 0.001467181780703766 0.001467181780703766
1218 0.001465896346997389 0.001465896346997389
1219 0.001464613140534675 0.001464613140534675
1220 0.001463332160350855 0.001463332160350855
1221 0.001462053405514211 0.001462053405514211
1222 0.001460776872088922 0.001460776872088922
1223 0.0014595025293254497 0.0014595025293254497
1224 0.001458230400667407 0.001458230400667407
1225 0.0014569604708446254 0.0014569604708446254
1226 0.0014556927237878727 0.0014556927237878727
1227 0.0014544271706253393 0.0014544271706253393
1228 0.0014531637929423263 0.0014531637929423263
1229 0.0014519025976997245 0.0014519025976997245
1230 0.0014506435487110908 0.0014506435487110908
1231 0.001449386676883943 0.001449386676883943
1232 0.001448131965059691 0.001448131965059691
1233 0.001446879410072079 0.001446879410072079
1234 0.0014456289890124796 0.0014456289890124796
1235 0.0014443807133655627 0.0014443807133655627
1236 0.0014431345813661007 0.0014431345813661007
1237 0.0014418905574651946 0.0014418905574651946
1238 0.0014406486715680428 0.0014406486715680428
1239 0.0014394088995726073 0.0014394088995726073
1240 0.0014381712464456387 0.0014381712464456387
1241 0.0014369357042299574 0.0014369357042299574
1242 0.0014357022646702216 0.0014357022646702216
1243 0.0014344709256878649 0.0014344709256878649
1244 0.0014332416698687362 0.0014332416698687362
1245 0.001432014505229609 0.001432014505229609
1246 0.0014307894163676017 0.0014307894163676017
1247 0.0014295664010596152 0.0014295664010596152
1248 0.0014283454547750476 0.0014283454547750476
1249 0.0014271265876246043 0.0014271265876246043
1250 0.0014259097784079756 0.0014259097784079756
1251 0.0014246950190947797 0.0014246950190947797
1252 0.0014234823102477023 0.0014234823102477023
1253 0.0014222716479799446 0.0014222716479799446
1254 0.0014210630387286117 0.0014210630387286117
1255 0.0014198564587789716 0.0014198564587789716
1256 0.001418651893671745 0.001418651893671745
1257 0.0014174493740703878 0.0014174493740703878
1258 0.0014162488741594642 0.0014162488741594642
1259 0.0014150503780424267 0.0014150503780424267
1260 0.001413853884107705 0.001413853884107705
1261 0.001412659404730337 0.001412659404730337
1262 0.001411466923350866 0.001411466923350866
1263 0.001410276445941973 0.001410276445941973
1264 0.0014090879434508422 0.0014090879434508422
1265 0.0014079014257175268 0.0014079014257175268
1266 0.0014067168955124365 0.0014067168955124365
1267 0.0014055343357725712 0.0014055343357725712
1268 0.001404353737738762 0.001404353737738762
1269 0.0014031751124358584 0.0014031751124358584
1270 0.001401998454138617 0.001401998454138617
1271 0.0014008237407220454 0.0014008237407220454
1272 0.001399650983930272 0.001399650983930272
1273 0.001398480162207828 0.001398480162207828
1274 0.001397311281399458 0.001397311281399458
1275 0.0013961443516720949 0.0013961443516720949
1276 0.0013949793529035427 0.0013949793529035427
1277 0.0013938162745612797 0.0013938162745612797
1278 0.0013926551168530006 0.0013926551168530006
1279 0.0013914958714077305 0.0013914958714077305
1280 0.001390338535700339 0.001390338535700339
1281 0.0013891831143540963 0.0013891831143540963
1282 0.001388029599503572 0.001388029599503572
1283 0.0013868779805548414 0.0013868779805548414
1284 0.0013857282575215199 0.0013857282575215199
1285 0.001384580419901765 0.001384580419901765
1286 0.0013834344652559557 0.0013834344652559557
1287 0.0013822903934679414 0.0013822903934679414
1288 0.001381148193009832 0.001381148193009832
1289 0.0013800078629394494 0.0013800078629394494
1290 0.001378869404207305 0.001378869404207305
1291 0.001377732797259543 0.001377732797259543
1292 0.0013765980636882532 0.0013765980636882532
1293 0.0013754651703106469 0.0013754651703106469
1294 0.0013743341276924903 0.0013743341276924903
1295 0.0013732049354181815 0.0013732049354181815
1296 0.0013720775796598206 0.0013720775796598206
1297 0.001370952051007253 0.001370952051007253
1298 0.0013698283530259522 0.0013698283530259522
1299 0.0013687064797820762 0.0013687064797820762
1300 0.0013675864331257068 0.0013675864331257068
1301 0.001366468203160292 0.001366468203160292
1302 0.0013653517874025222 0.0013653517874025222
1303 0.0013642371686009216 0.0013642371686009216
1304 0.0013631243687678163 0.0013631243687678163
1305 0.0013620133585522415 0.0013620133585522415
1306 0.0013609041461686516 0.0013609041461686516
1307 0.0013597967260097186 0.0013597967260097186
1308 0.0013586910969981569 0.0013586910969981569
1309 0.001357587242084448 0.001357587242084448
1310 0.0013564851705271121 0.0013564851705271121
1311 0.0013553848678289054 0.0013553848678289054
1312 0.0013542863428521062 0.0013542863428521062
1313 0.0013531895832647953 0.0013531895832647953
1314 0.0013520945711680695 0.0013520945711680695
1315 0.0013510013281473891 0.0013510013281473891
1316 0.0013499098247979466 0.0013499098247979466
1317 0.001348820075868326 0.001348820075868326
1318 0.001347732067476643 0.001347732067476643
1319 0.0013466457993658967 0.0013466457993658967
1320 0.001345561271609595 0.001345561271609595
1321 0.0013444784663789804 0.0013444784663789804
1322 0.001343397391680467 0.001343397391680467
1323 0.0013423180442939421 0.0013423180442939421
1324 0.0013412404157890246 0.0013412404157890246
1325 0.0013401645001405809 0.0013401645001405809
1326 0.0013390902998106826 0.0013390902998106826
1327 0.0013380178068259916 0.0013380178068259916
1328 0.0013369470119742402 0.0013369470119742402
1329 0.0013358779097534922 0.0013358779097534922
1330 0.001334810510783791 0.001334810510783791
1331 0.0013337448005122459 0.0013337448005122459
1332 0.0013326807771344292 0.0013326807771344292
1333 0.001331618431960905 0.001331618431960905
1334 0.001330557770332438 0.001330557770332438
1335 0.0013294987821005865 0.0013294987821005865
1336 0.0013284414638123228 0.0013284414638123228
1337 0.0013273858126099868 0.0013273858126099868
1338 0.0013263318287116527 0.0013263318287116527
1339 0.0013252794941240671 0.0013252794941240671
1340 0.0013242288248258589 0.0013242288248258589
1341 0.0013231798133236435 0.0013231798133236435
1342 0.0013221324422636796 0.0013221324422636796
1343 0.0013210867164567084 0.0013210867164567084
1344 0.0013200426360821206 0.0013200426360821206
1345 0.0013190001859507516 0.0013190001859507516
1346 0.001317959364012878 0.001317959364012878
1347 0.0013169201765575727 0.0013169201765575727
1348 0.001315882608163703 0.001315882608163703
1349 0.001314846656202494 0.001314846656202494
1350 0.0013138123312587918 0.0013138123312587918
1351 0.0013127796145924664 0.0013127796145924664
1352 0.0013117485087084965 0.0013117485087084965
1353 0.0013107190046933682 0.0013107190046933682
1354 0.0013096911122909278 0.0013096911122909278
1355 0.0013086648138799083 0.0013086648138799083
1356 0.0013076401044382496 0.0013076401044382496
1357 0.0013066169859854329 0.0013066169859854329
1358 0.0013055954571177908 0.0013055954571177908
1359 0.0013045755080325827 0.0013045755080325827
1360 0.0013035571485667625 0.0013035571485667625
1361 0.001302540354039402 0.001302540354039402
1362 0.0013015251386930711 0.0013015251386930711
1363 0.001300511495460138 0.001300511495460138
1364 0.001299499413656113 0.001299499413656113
1365 0.001298488902893651 0.001298488902893651
1366 0.001297479946799302 0.001297479946799302
1367 0.0012964725415538514 0.0012964725415538514
1368 0.0012954666837737797 0.0012954666837737797
1369 0.0012944623826040133 0.0012944623826040133
1370 0.0012934596197539988 0.0012934596197539988
1371 0.0012924583933301198 0.0012924583933301198
1372 0.001291458711952644 0.001291458711952644
1373 0.0012904605597746134 0.0012904605597746134
1374 0.0012894639451871079 0.0012894639451871079
1375 0.001288468842060269 0.001288468842060269
1376 0.0012874752635446377 0.0012874752635446377
1377 0.0012864832028002704 0.0012864832028002704
1378 0.0012854926691955222 0.0012854926691955222
1379 0.0012845036475217422 0.0012845036475217422
1380 0.0012835161354058542 0.0012835161354058542
1381 0.001282530119434276 0.001282530119434276
1382 0.001281545604031584 0.001281545604031584
1383 0.0012805625945596024 0.0012805625945596024
1384 0.0012795810799803029 0.0012795810799803029
1385 0.0012786010577205472 0.0012786010577205472
1386 0.0012776225242738316 0.0012776225242738316
1387 0.001276645475831937 0.001276645475831937
1388 0.0012756699146144546 0.0012756699146144546
1389 0.0012746958191980967 0.0012746958191980967
1390 0.0012737232081248431 0.0012737232081248431
1391 0.0012727520684253537 0.0012727520684253537
1392 0.0012717823998385181 0.0012717823998385181
1393 0.0012708141886311375 0.0012708141886311375
1394 0.00126984743594626 0.00126984743594626
1395 0.0012688821474850613 0.0012688821474850613
1396 0.0012679183199259814 0.0012679183199259814
1397 0.0012669559418376811 0.0012669559418376811
1398 0.0012659950074203723 0.0012659950074203723
1399 0.0012650355185811293 0.0012650355185811293
1400 0.001264077479688565 0.001264077479688565
1401 0.0012631208779342697 0.0012631208779342697
1402 0.0012621657093191446 0.0012621657093191446
1403 0.0012612119674505393 0.0012612119674505393
1404 0.0012602596604932832 0.0012602596604932832
1405 0.00125930877978418 0.00125930877978418
1406 0.0012583593238951927 0.0012583593238951927
1407 0.0012574112869779962 0.0012574112869779962
1408 0.0012564646639066108 0.0012564646639066108
1409 0.0012555194646130842 0.0012555194646130842
1410 0.0012545756670550412 0.0012545756670550412
1411 0.0012536332782809659 0.0012536332782809659
1412 0.0012526922938484563 0.0012526922938484563
1413 0.0012517527067024397 0.0012517527067024397
1414 0.001250814520319343 0.001250814520319343
1415 0.0012498777300237658 0.0012498777300237658
1416 0.001248942327317114 0.001248942327317114
1417 0.0012480083147964319 0.0012480083147964319
1418 0.0012470756862949792 0.0012470756862949792
1419 0.0012461444374527472 0.0012461444374527472
1420 0.00124521457603742 0.00124521457603742
1421 0.001244286089102265 0.001244286089102265
1422 0.001243358975700462 0.001243358975700462
1423 0.00124243323950224 0.00124243323950224
1424 0.0012415088669062205 0.0012415088669062205
1425 0.0012405858534734254 0.0012405858534734254
1426 0.00123966420338645 0.00123966420338645
1427 0.0012387439177966942 0.0012387439177966942
1428 0.0012378249874696475 0.0012378249874696475
1429 0.0012369074079061411 0.0012369074079061411
1430 0.0012359911744950023 0.0012359911744950023
1431 0.0012350762811314637 0.0012350762811314637
1432 0.0012341627340318702 0.0012341627340318702
1433 0.001233250529292288 0.001233250529292288
1434 0.0012323396623015134 0.0012323396623015134
1435 0.001231430130984169 0.001231430130984169
1436 0.00123052192555816 0.00123052192555816
1437 0.001229615052958015 0.001229615052958015
1438 0.001228709503970017 0.001228709503970017
1439 0.001227805277590798 0.001227805277590798
1440 0.0012269023764690241 0.0012269023764690241
1441 0.0012260007974269232 0.0012260007974269232
1442 0.001225100525575367 0.001225100525575367
1443 0.0012242015648585402 0.0012242015648585402
1444 0.001223303915428453 0.001223303915428453
1445 0.001222407571840796 0.001222407571840796
1446 0.0012215125296511072 0.0012215125296511072
1447 0.001220618789258884 0.001220618789258884
1448 0.0012197263478294093 0.0012197263478294093
1449 0.0012188351944968595 0.0012188351944968595
1450 0.0012179453329988726 0.0012179453329988726
1451 0.0012170567652606424 0.0012170567652606424
1452 0.0012161694762685621 0.0012161694762685621
1453 0.0012152834765378343 0.0012152834765378343
1454 0.0012143987590297056 0.0012143987590297056
1455 0.0012135153242231183 0.0012135153242231183
1456 0.0012126331582417087 0.0012126331582417087
1457 0.0012117522631324672 0.0012117522631324672
1458 0.001210872642165216 0.001210872642165216
1459 0.0012099942849714957 0.0012099942849714957
1460 0.0012091171906088828 0.0012091171906088828
1461 0.0012082413607645561 0.0012082413607645561
1462 0.00120736678705222 0.00120736678705222
1463 0.00120649346983732 0.00120649346983732
1464 0.001205621409615088 0.001205621409615088
1465 0.001204750593927473 0.001204750593927473
1466 0.0012038810250936476 0.0012038810250936476
1467 0.0012030127016437904 0.0012030127016437904
1468 0.0012021456281822323 0.0012021456281822323
1469 0.001201279793209656 0.001201279793209656
1470 0.0012004151998991535 0.0012004151998991535
1471 0.0011995518417121463 0.0011995518417121463
1472 0.0011986897110916077 0.0011986897110916077
1473 0.0011978288074230563 0.0011978288074230563
1474 0.0011969691320575433 0.0011969691320575433
1475 0.0011961106795669257 0.0011961106795669257
1476 0.0011952534497676353 0.0011952534497676353
1477 0.0011943974348181403 0.0011943974348181403
1478 0.0011935426400172412 0.0011935426400172412
1479 0.0011926890595959881 0.0011926890595959881
1480 0.0011918366907823891 0.0011918366907823891
1481 0.0011909855321125306 0.0011909855321125306
1482 0.0011901355764891326 0.0011901355764891326
1483 0.0011892868260417909 0.0011892868260417909
1484 0.001188439279950476 0.001188439279950476
1485 0.0011875929239323828 0.0011875929239323828
1486 0.0011867477749426768 0.0011867477749426768
1487 0.0011859038126864822 0.0011859038126864822
1488 0.0011850610427928693 0.0011850610427928693
1489 0.0011842194627604294 0.0011842194627604294
1490 0.0011833790620004963 0.0011833790620004963
1491 0.0011825398475606144 0.0011825398475606144
1492 0.001181701816669117 0.001181701816669117
1493 0.0011808649643148842 0.0011808649643148842
1494 0.0011800292911777752 0.0011800292911777752
1495 0.001179194785763688 0.001179194785763688
1496 0.0011783614598022412 0.0011783614598022412
1497 0.0011775292999500276 0.0011775292999500276
1498 0.0011766983049183405 0.0011766983049183405
1499 0.0011758684750323787 0.0011758684750323787
1500 0.001175039798240708 0.001175039798240708
1501 0.0011742122832135967 0.0011742122832135967
1502 0.0011733859250639476 0.0011733859250639476
1503 0.0011725607231241157 0.0011725607231241157
1504 0.0011717366695139565 0.0011717366695139565
1505 0.001170913774797835 0.001170913774797835
1506 0.0011700920162076973 0.0011700920162076973
1507 0.0011692714075661247 0.0011692714075661247
1508 0.0011684519418460107 0.0011684519418460107
1509 0.0011676336177177898 0.0011676336177177898
1510 0.0011668164255307265 0.0011668164255307265
1511 0.0011660003739308365 0.0011660003739308365
1512 0.0011651854552240126 0.0011651854552240126
1513 0.0011643716612595066 0.0011643716612595066
1514 0.0011635589953716823 0.0011635589953716823
1515 0.0011627474593776982 0.0011627474593776982
1516 0.0011619370452870489 0.0011619370452870489
1517 0.0011611277522481458 0.0011611277522481458
1518 0.0011603195727042943 0.0011603195727042943
1519 0.0011595125125824105 0.0011595125125824105
1520 0.0011587065653129195 0.0011587065653129195
1521 0.0011579017387054018 0.0011579017387054018
1522 0.0011570980220046599 0.0011570980220046599
1523 0.001156295407371692 0.001156295407371692
1524 0.0011554938948542947 0.0011554938948542947
1525 0.001154693488647932 0.001154693488647932
1526 0.0011538941819643352 0.0011538941819643352
1527 0.0011530959789294594 0.0011530959789294594
1528 0.0011522988702322204 0.0011522988702322204
1529 0.001151502851501244 0.001151502851501244
1530 0.001150707923471766 0.001150707923471766
1531 0.0011499140868187429 0.0011499140868187429
1532 0.0011491213309976016 0.0011491213309976016
1533 0.001148329664717074 0.001148329664717074
1534 0.001147539078530261 0.001147539078530261
1535 0.0011467495766736833 0.0011467495766736833
1536 0.001145961150904567 0.001145961150904567
1537 0.001145173804304723 0.001145173804304723
1538 0.0011443875239355082 0.0011443875239355082
1539 0.001143602321505613 0.001143602321505613
1540 0.0011428181825443207 0.0011428181825443207
1541 0.00114203511451643 0.00114203511451643
1542 0.0011412531153009089 0.0011412531153009089
1543 0.0011404721766869383 0.0011404721766869383
1544 0.0011396922997997992 0.0011396922997997992
1545 0.0011389134828553192 0.0011389134828553192
1546 0.0011381357174802703 0.0011381357174802703
1547 0.0011373590076473338 0.0011373590076473338
1548 0.0011365833503659448 0.0011365833503659448
1549 0.0011358087474269275 0.0011358087474269275
1550 0.0011350351896981651 0.0011350351896981651
1551 0.0011342626795753765 0.0011342626795753765
1552 0.0011334912102059324 0.0011334912102059324
1553 0.0011327207782331726 0.0011327207782331726
1554 0.0011319513903768254 0.0011319513903768254
1555 0.0011311830434864196 0.0011311830434864196
1556 0.0011304157238536216 0.0011304157238536216
1557 0.001129649442315108 0.001129649442315108
1558 0.0011288841951952963 0.0011288841951952963
1559 0.0011281199761255661 0.0011281199761255661
1560 0.0011273567803858787 0.0011273567803858787
1561 0.0011265946085118716 0.0011265946085118716
1562 0.0011258334619913752 0.0011258334619913752
1563 0.001125073333942359 0.001125073333942359
1564 0.0011243142294661576 0.0011243142294661576
1565 0.0011235561402910916 0.0011235561402910916
1566 0.0011227990626837708 0.0011227990626837708
1567 0.001122043002527196 0.001122043002527196
1568 0.0011212879484061187 0.0011212879484061187
1569 0.0011205339052785866 0.0011205339052785866
1570 0.0011197808723712283 0.0011197808723712283
1571 0.0011190288419679207 0.0011190288419679207
1572 0.0011182778130356542 0.0011182778130356542
1573 0.0011175277850513582 0.0011175277850513582
1574 0.0011167787600376942 0.0011167787600376942
1575 0.0011160307295720138 0.0011160307295720138
1576 0.0011152836871349814 0.0011152836871349814
1577 0.0011145376411979076 0.0011145376411979076
1578 0.0011137925860723469 0.0011137925860723469
1579 0.0011130485183519824 0.0011130485183519824
1580 0.0011123054389673205 0.0011123054389673205
1581 0.0011115633405239479 0.0011115633405239479
1582 0.0011108222299859906 0.0011108222299859906
1583 0.0011100821004616116 0.0011100821004616116
1584 0.0011093429521479468 0.0011093429521479468
1585 0.0011086047763053143 0.0011086047763053143
1586 0.0011078675803827393 0.0011078675803827393
1587 0.0011071313533557111 0.0011071313533557111
1588 0.0011063960952216844 0.0011063960952216844
1589 0.0011056618134836767 0.0011056618134836767
1590 0.0011049284972349694 0.0011049284972349694
1591 0.0011041961464111334 0.0011041961464111334
1592 0.001103464762547668 0.001103464762547668
1593 0.001102734341653735 0.001102734341653735
1594 0.0011020048758403687 0.0011020048758403687
1595 0.001101276368147909 0.001101276368147909
1596 0.0011005488128242253 0.0011005488128242253
1597 0.001099822216367118 0.001099822216367118
1598 0.0010990965726452335 0.0010990965726452335
1599 0.0010983718838374601 0.0010983718838374601
1600 0.0010976481434638084 0.0010976481434638084
1601 0.0010969253457164395 0.0010969253457164395
1602 0.0010962034889853386 0.0010962034889853386
1603 0.0010954825798658789 0.0010954825798658789
1604 0.0010947626118888451 0.0010947626118888451
1605 0.0010940435812325133 0.0010940435812325133
1606 0.0010933254911848736 0.0010933254911848736
1607 0.001092608336602704 0.001092608336602704
1608 0.0010918921165193253 0.0010918921165193253
1609 0.0010911768236650916 0.0010911768236650916
1610 0.0010904624676735162 0.0010904624676735162
1611 0.0010897490381017298 0.0010897490381017298
1612 0.0010890365362076692 0.0010890365362076692
1613 0.0010883249584005858 0.0010883249584005858
1614 0.00108761430438769 0.00108761430438769
1615 0.0010869045710075243 0.0010869045710075243
1616 0.0010861957578136275 0.0010861957578136275
1617 0.0010854878604381274 0.0010854878604381274
1618 0.0010847808834566189 0.0010847808834566189
1619 0.001084074820726897 0.001084074820726897
1620 0.0010833696684052299 0.0010833696684052299
1621 0.0010826654273415415 0.0010826654273415415
1622 0.0010819620942352094 0.0010819620942352094
1623 0.001081259667430039 0.001081259667430039
1624 0.0010805581510588817 0.0010805581510588817
1625 0.0010798575344689648 0.0010798575344689648
1626 0.001079157822102688 0.001079157822102688
1627 0.0010784590092808538 0.0010784590092808538
1628 0.001077761097805622 0.001077761097805622
1629 0.001077064082353001 0.001077064082353001
1630 0.0010763679639802437 0.0010763679639802437
1631 0.0010756727360547052 0.0010756727360547052
1632 0.0010749783988693695 0.0010749783988693695
1633 0.0010742849518590209 0.0010742849518590209
1634 0.0010735923951970489 0.0010735923951970489
1635 0.0010729007241611036 0.0010729007241611036
1636 0.001072209941274414 0.001072209941274414
1637 0.0010715200354227397 0.0010715200354227397
1638 0.0010708310123419842 0.0010708310123419842
1639 0.001070142870047934 0.001070142870047934
1640 0.0010694556056840133 0.0010694556056840133
1641 0.0010687692161357874 0.0010687692161357874
1642 0.0010680837014857179 0.0010680837014857179
1643 0.0010673990618642888 0.0010673990618642888
1644 0.0010667152934539358 0.0010667152934539358
1645 0.001066032399593399 0.001066032399593399
1646 0.001065350371835363 0.001065350371835363
1647 0.0010646692095916664 0.0010646692095916664
1648 0.001063988912304851 0.001063988912304851
1649 0.0010633094784139431 0.0010633094784139431
1650 0.0010626309051365284 0.0010626309051365284
1651 0.001061953188010613 0.001061953188010613
1652 0.0010612763313234681 0.0010612763313234681
1653 0.0010606003332000308 0.0010606003332000308
1654 0.0010599251877989268 0.0010599251877989268
1655 0.0010592508984967929 0.0010592508984967929
1656 0.0010585774573865297 0.0010585774573865297
1657 0.001057904870489957 0.001057904870489957
1658 0.0010572331324959334 0.0010572331324959334
1659 0.0010565622435714185 0.0010565622435714185
1660 0.001055892196265099 0.001055892196265099
1661 0.001055222992227274 0.001055222992227274
1662 0.0010545546334200238 0.0010545546334200238
1663 0.0010538871151222471 0.0010538871151222471
1664 0.0010532204344042603 0.0010532204344042603
1665 0.001052554597015414 0.001052554597015414
1666 0.0010518895956815547 0.0010518895956815547
1667 0.001051225421043608 0.001051225421043608
1668 0.00105056208713832 0.00105056208713832
1669 0.0010498995799106234 0.0010498995799106234
1670 0.0010492379051597676 0.0010492379051597676
1671 0.0010485770587199091 0.0010485770587199091
1672 0.0010479170332644363 0.0010479170332644363
1673 0.0010472578407030417 0.0010472578407030417
1674 0.0010465994714873755 0.0010465994714873755
1675 0.001045941921329239 0.001045941921329239
1676 0.0010452851929718414 0.0010452851929718414
1677 0.0010446292811094366 0.0010446292811094366
1678 0.0010439741840360583 0.0010439741840360583
1679 0.0010433199055265802 0.0010433199055265802
1680 0.0010426664419706541 0.0010426664419706541
1681 0.0010420137916556872 0.0010420137916556872
1682 0.0010413619556085005 0.0010413619556085005
1683 0.001040710923176816 0.001040710923176816
1684 0.0010400606994908604 0.0010400606994908604
1685 0.0010394112870276652 0.0010394112870276652
1686 0.0010387626797413341 0.0010387626797413341
1687 0.0010381148784557692 0.0010381148784557692
1688 0.0010374678805637936 0.0010374678805637936
1689 0.0010368216792434385 0.0010368216792434385
1690 0.0010361762818420382 0.0010361762818420382
1691 0.0010355316780722972 0.0010355316780722972
1692 0.001034887871862559 0.001034887871862559
1693 0.0010342448589067445 0.0010342448589067445
1694 0.0010336026395931272 0.0010336026395931272
1695 0.0010329612137575557 0.0010329612137575557
1696 0.0010323205766301314 0.0010323205766301314
1697 0.001031680727868992 0.001031680727868992
1698 0.0010310416736855654 0.0010310416736855654
1699 0.00103040340251459 0.00103040340251459
1700 0.0010297659164350118 0.0010297659164350118
1701 0.0010291292131229424 0.0010291292131229424
1702 0.0010284932930598293 0.0010284932930598293
1703 0.0010278581519301208 0.0010278581519301208
1704 0.0010272237890796897 0.0010272237890796897
1705 0.001026590204160811 0.001026590204160811
1706 0.001025957397648841 0.001025957397648841
1707 0.0010253253638356189 0.0010253253638356189
1708 0.0010246941028192549 0.0010246941028192549
1709 0.0010240636170223763 0.0010240636170223763
1710 0.0010234338987441221 0.0010234338987441221
1711 0.0010228049514165287 0.0010228049514165287
1712 0.0010221767691197758 0.0010221767691197758
1713 0.0010215493603456778 0.0010215493603456778
1714 0.0010209227098248001 0.0010209227098248001
1715 0.001020296822719365 0.001020296822719365
1716 0.001019671701463354 0.001019671701463354
1717 0.001019047339352756 0.001019047339352756
1718 0.0010184237367548998 0.0010184237367548998
1719 0.0010178008940612878 0.0010178008940612878
1720 0.0010171788103486722 0.0010171788103486722
1721 0.0010165574819993993 0.0010165574819993993
1722 0.0010159369085156636 0.0010159369085156636
1723 0.0010153170835856618 0.0010153170835856618
1724 0.001014698007358038 0.001014698007358038
1725 0.0010140796861373236 0.0010140796861373236
1726 0.0010134621116421742 0.0010134621116421742
1727 0.0010128452861779668 0.0010128452861779668
1728 0.0010122292026303343 0.0010122292026303343
1729 0.0010116138654847444 0.0010116138654847444
1730 0.0010109992685308133 0.0010109992685308133
1731 0.0010103854199520837 0.0010103854199520837
1732 0.0010097723055837744 0.0010097723055837744
1733 0.0010091599333247761 0.0010091599333247761
1734 0.0010085482991507935 0.0010085482991507935
1735 0.001007937398043915 0.001007937398043915
1736 0.001007327236998716 0.001007327236998716
1737 0.0010067178085381235 0.0010067178085381235
1738 0.0010061091119599433 0.0010061091119599433
1739 0.0010055011454222606 0.0010055011454222606
1740 0.001004893910788634 0.001004893910788634
1741 0.0010042874074263955 0.0010042874074263955
1742 0.001003681628683068 0.001003681628683068
1743 0.0010030765724696813 0.0010030765724696813
1744 0.0010024722447532109 0.0010024722447532109
1745 0.0010018686390561044 0.0010018686390561044
1746 0.0010012657559478415 0.0010012657559478415
1747 0.0010006635930008513 0.0010006635930008513
1748 0.0010000621488489762 0.0010000621488489762
1749 9.994614238705384E-4 9.994614238705384E-4
1750 9.988614148587175E-4 9.988614148587175E-4
1751 9.98262123253615E-4 9.98262123253615E-4
1752 9.976635462410426E-4 9.976635462410426E-4
1753 9.970656791252394E-4 9.970656791252394E-4
1754 9.964685284163449E-4 9.964685284163449E-4
1755 9.958720868554637E-4 9.958720868554637E-4
1756 9.952763575330954E-4 9.952763575330954E-4
1757 9.946813331504554E-4 9.946813331504554E-4
1758 9.94087014335135E-4 9.94087014335135E-4
1759 9.93493400923231E-4 9.93493400923231E-4
1760 9.929004949619392E-4 9.929004949619392E-4
1761 9.923082911743888E-4 9.923082911743888E-4
1762 9.917167884306128E-4 9.917167884306128E-4
1763 9.911259885661793E-4 9.911259885661793E-4
1764 9.905358873518947E-4 9.905358873518947E-4
1765 9.899464820400917E-4 9.899464820400917E-4
1766 9.893577742364887E-4 9.893577742364887E-4
1767 9.88769760755862E-4 9.88769760755862E-4
1768 9.881824429433695E-4 9.881824429433695E-4
1769 9.875958206789718E-4 9.875958206789718E-4
1770 9.870098883593772E-4 9.870098883593772E-4
1771 9.864246446322817E-4 9.864246446322817E-4
1772 9.85840095675893E-4 9.85840095675893E-4
1773 9.852562333951672E-4 9.852562333951672E-4
1774 9.846730565991682E-4 9.846730565991682E-4
1775 9.840905679446054E-4 9.840905679446054E-4
1776 9.835087617485548E-4 9.835087617485548E-4
1777 9.829276390772126E-4 9.829276390772126E-4
1778 9.823471974849194E-4 9.823471974849194E-4
1779 9.817674414734474E-4 9.817674414734474E-4
1780 9.811883625362343E-4 9.811883625362343E-4
1781 9.806099619070995E-4 9.806099619070995E-4
1782 9.800322392378563E-4 9.800322392378563E-4
1783 9.794551957332327E-4 9.794551957332327E-4
1784 9.788788222944516E-4 9.788788222944516E-4
1785 9.783031218504896E-4 9.783031218504896E-4
1786 9.777281000758805E-4 9.777281000758805E-4
1787 9.771537457065643E-4 9.771537457065643E-4
1788 9.765800618880853E-4 9.765800618880853E-4
1789 9.760070490679445E-4 9.760070490679445E-4
1790 9.754347054655487E-4 9.754347054655487E-4
1791 9.748630288140049E-4 9.748630288140049E-4
1792 9.742920193317988E-4 9.742920193317988E-4
1793 9.737216711498879E-4 9.737216711498879E-4
1794 9.731519840520177E-4 9.731519840520177E-4
1795 9.7258296239271E-4 9.7258296239271E-4
1796 9.720146020869979E-4 9.720146020869979E-4
1797 9.714469002548162E-4 9.714469002548162E-4
1798 9.708798616205385E-4 9.708798616205385E-4
1799 9.703134763890206E-4 9.703134763890206E-4
1800 9.697477495019512E-4 9.697477495019512E-4
1801 9.69182677209638E-4 9.69182677209638E-4
1802 9.686182612222773E-4 9.686182612222773E-4
1803 9.680544969271369E-4 9.680544969271369E-4
1804 9.674913849552355E-4 9.674913849552355E-4
1805 9.669289223910868E-4 9.669289223910868E-4
1806 9.663671108076687E-4 9.663671108076687E-4
1807 9.658059480181761E-4 9.658059480181761E-4
1808 9.652454337075085E-4 9.652454337075085E-4
1809 9.646855623550544E-4 9.646855623550544E-4
1810 9.641263373576256E-4 9.641263373576256E-4
1811 9.635677586524922E-4 9.635677586524922E-4
1812 9.630098231014619E-4 9.630098231014619E-4
1813 9.624525295990486E-4 9.624525295990486E-4
1814 9.618958762458011E-4 9.618958762458011E-4
1815 9.613398628960906E-4 9.613398628960906E-4
1816 9.607844885737443E-4 9.607844885737443E-4
1817 9.602297508268957E-4 9.602297508268957E-4
1818 9.596756522891089E-4 9.596756522891089E-4
1819 9.591221877696455E-4 9.591221877696455E-4
1820 9.585693576286813E-4 9.585693576286813E-4
1821 9.580171582917088E-4 9.580171582917088E-4
1822 9.574655950869183E-4 9.574655950869183E-4
1823 9.56914663561779E-4 9.56914663561779E-4
1824 9.563643630332411E-4 9.563643630332411E-4
1825 9.558146912436794E-4 9.558146912436794E-4
1826 9.552656433535341E-4 9.552656433535341E-4
1827 9.54717224291284E-4 9.54717224291284E-4
1828 9.541694306390885E-4 9.541694306390885E-4
1829 9.536222611259392E-4 9.536222611259392E-4
1830 9.530757142541638E-4 9.530757142541638E-4
1831 9.525297913531237E-4 9.525297913531237E-4
1832 9.519844924097729E-4 9.519844924097729E-4
1833 9.514398139085353E-4 9.514398139085353E-4
1834 9.508957508694985E-4 9.508957508694985E-4
1835 9.503523087937524E-4 9.503523087937524E-4
1836 9.498094821150096E-4 9.498094821150096E-4
1837 9.492672695955512E-4 9.492672695955512E-4
1838 9.487256763330827E-4 9.487256763330827E-4
1839 9.481846971997376E-4 9.481846971997376E-4
1840 9.476443301662748E-4 9.476443301662748E-4
1841 9.471045722398659E-4 9.471045722398659E-4
1842 9.465654268370132E-4 9.465654268370132E-4
1843 9.460268902127083E-4 9.460268902127083E-4
1844 9.454889632872375E-4 9.454889632872375E-4
1845 9.449516459336916E-4 9.449516459336916E-4
1846 9.444149374695954E-4 9.444149374695954E-4
1847 9.438788336969175E-4 9.438788336969175E-4
1848 9.433433355086053E-4 9.433433355086053E-4
1849 9.428084396620691E-4 9.428084396620691E-4
1850 9.42274144232941E-4 9.42274144232941E-4
1851 9.417404545559938E-4 9.417404545559938E-4
1852 9.412073626997499E-4 9.412073626997499E-4
1853 9.406748719346326E-4 9.406748719346326E-4
1854 9.401429807174588E-4 9.401429807174588E-4
1855 9.396116882304758E-4 9.396116882304758E-4
1856 9.390809919066121E-4 9.390809919066121E-4
1857 9.38550893251701E-4 9.38550893251701E-4
1858 9.380213866742699E-4 9.380213866742699E-4
1859 9.374924715381022E-4 9.374924715381022E-4
1860 9.369641530851361E-4 9.369641530851361E-4
1861 9.364364264377145E-4 9.364364264377145E-4
1862 9.359092893961432E-4 9.359092893961432E-4
1863 9.353827426421626E-4 9.353827426421626E-4
1864 9.348567859685044E-4 9.348567859685044E-4
1865 9.343314128301232E-4 9.343314128301232E-4
1866 9.338066293023313E-4 9.338066293023313E-4
1867 9.332824318312033E-4 9.332824318312033E-4
1868 9.327588192860873E-4 9.327588192860873E-4
1869 9.322357916414022E-4 9.322357916414022E-4
1870 9.317133481316798E-4 9.317133481316798E-4
1871 9.311914843618519E-4 9.311914843618519E-4
1872 9.306702010431942E-4 9.306702010431942E-4
1873 9.301494969982836E-4 9.301494969982836E-4
1874 9.296293736069188E-4 9.296293736069188E-4
1875 9.291098285710102E-4 9.291098285710102E-4
1876 9.285908578937852E-4 9.285908578937852E-4
1877 9.280724634580628E-4 9.280724634580628E-4
1878 9.275546471203644E-4 9.275546471203644E-4
1879 9.270374045439868E-4 9.270374045439868E-4
1880 9.265207366205945E-4 9.265207366205945E-4
1881 9.260046415843118E-4 9.260046415843118E-4
1882 9.254891164718325E-4 9.254891164718325E-4
1883 9.249741617897933E-4 9.249741617897933E-4
1884 9.244597771943485E-4 9.244597771943485E-4
1885 9.239459606343195E-4 9.239459606343195E-4
1886 9.234327141763104E-4 9.234327141763104E-4
1887 9.229200324313628E-4 9.229200324313628E-4
1888 9.22407916277181E-4 9.22407916277181E-4
1889 9.218963645447466E-4 9.218963645447466E-4
1890 9.21385378416112E-4 9.21385378416112E-4
1891 9.208749546156305E-4 9.208749546156305E-4
1892 9.203650929805082E-4 9.203650929805082E-4
1893 9.198557903886801E-4 9.198557903886801E-4
1894 9.193470521811257E-4 9.193470521811257E-4
1895 9.188388719659847E-4 9.188388719659847E-4
1896 9.183312488636089E-4 9.183312488636089E-4
1897 9.178241818344549E-4 9.178241818344549E-4
1898 9.173176718138108E-4 9.173176718138108E-4
1899 9.168117191503466E-4 9.168117191503466E-4
1900 9.163063210594685E-4 9.163063210594685E-4
1901 9.158014770350533E-4 9.158014770350533E-4
1902 9.152971852593839E-4 9.152971852593839E-4
1903 9.147934462944856E-4 9.147934462944856E-4
1904 9.142902557414437E-4 9.142902557414437E-4
1905 9.137876164848292E-4 9.137876164848292E-4
1906 9.132855279051248E-4 9.132855279051248E-4
1907 9.127839874112847E-4 9.127839874112847E-4
1908 9.122829958115091E-4 9.122829958115091E-4
1909 9.117825500411321E-4 9.117825500411321E-4
1910 9.112826502920093E-4 9.112826502920093E-4
1911 9.107832971479831E-4 9.107832971479831E-4
1912 9.102844879972185E-4 9.102844879972185E-4
1913 9.097862201946334E-4 9.097862201946334E-4
1914 9.09288493950193E-4 9.09288493950193E-4
1915 9.087913114835938E-4 9.087913114835938E-4
1916 9.082946662160895E-4 9.082946662160895E-4
1917 9.07798560548548E-4 9.07798560548548E-4
1918 9.073029957375762E-4 9.073029957375762E-4
1919 9.06807967453668E-4 9.06807967453668E-4
1920 9.06313474212784E-4 9.06313474212784E-4
1921 9.058195190730229E-4 9.058195190730229E-4
1922 9.05326098810807E-4 9.05326098810807E-4
1923 9.048332132178263E-4 9.048332132178263E-4
1924 9.043408603223219E-4 9.043408603223219E-4
1925 9.038490410515956E-4 9.038490410515956E-4
1926 9.033577525867045E-4 9.033577525867045E-4
1927 9.028669945605674E-4 9.028669945605674E-4
1928 9.023767679476324E-4 9.023767679476324E-4
1929 9.018870711986909E-4 9.018870711986909E-4
1930 9.013979000128334E-4 9.013979000128334E-4
1931 9.009092591262636E-4 9.009092591262636E-4
1932 9.004211442404474E-4 9.004211442404474E-4
1933 8.999335538365157E-4 8.999335538365157E-4
1934 8.994464897224156E-4 8.994464897224156E-4
1935 8.989599493854338E-4 8.989599493854338E-4
1936 8.984739324349982E-4 8.984739324349982E-4
1937 8.979884378117603E-4 8.979884378117603E-4
1938 8.975034642900958E-4 8.975034642900958E-4
1939 8.97019012483472E-4 8.97019012483472E-4
1940 8.965350783853305E-4 8.965350783853305E-4
1941 8.960516646490746E-4 8.960516646490746E-4
1942 8.955687701208737E-4 8.955687701208737E-4
1943 8.950863934850098E-4 8.950863934850098E-4
1944 8.94604534099692E-4 8.94604534099692E-4
1945 8.941231908933031E-4 8.941231908933031E-4
1946 8.936423611657172E-4 8.936423611657172E-4
1947 8.931620444557179E-4 8.931620444557179E-4
1948 8.926822444039631E-4 8.926822444039631E-4
1949 8.922029544017721E-4 8.922029544017721E-4
1950 8.917241741986658E-4 8.917241741986658E-4
1951 8.912459070330479E-4 8.912459070330479E-4
1952 8.907681497738379E-4 8.907681497738379E-4
1953 8.902909007520144E-4 8.902909007520144E-4
1954 8.898141613685295E-4 8.898141613685295E-4
1955 8.893379297492813E-4 8.893379297492813E-4
1956 8.888622043459896E-4 8.888622043459896E-4
1957 8.883869861509709E-4 8.883869861509709E-4
1958 8.87912271899177E-4 8.87912271899177E-4
1959 8.874380608120412E-4 8.874380608120412E-4
1960 8.869643537717878E-4 8.869643537717878E-4
1961 8.864911499992639E-4 8.864911499992639E-4
1962 8.860184477415586E-4 8.860184477415586E-4
1963 8.855462496460366E-4 8.855462496460366E-4
1964 8.850745477691271E-4 8.850745477691271E-4
1965 8.846033467198317E-4 8.846033467198317E-4
1966 8.841326456888768E-4 8.841326456888768E-4
1967 8.836624438478499E-4 8.836624438478499E-4
1968 8.831927376068832E-4 8.831927376068832E-4
1969 8.827235284382674E-4 8.827235284382674E-4
1970 8.822548149399554E-4 8.822548149399554E-4
1971 8.817865969548927E-4 8.817865969548927E-4
1972 8.813188718709811E-4 8.813188718709811E-4
1973 8.808516404493611E-4 8.808516404493611E-4
1974 8.803848994870211E-4 8.803848994870211E-4
1975 8.799186542234503E-4 8.799186542234503E-4
1976 8.794528960473659E-4 8.794528960473659E-4
1977 8.789876320095036E-4 8.789876320095036E-4
1978 8.78522857424246E-4 8.78522857424246E-4
1979 8.780585692058387E-4 8.780585692058387E-4
1980 8.775947690884434E-4 8.775947690884434E-4
1981 8.771314573096385E-4 8.771314573096385E-4
1982 8.766686308891888E-4 8.766686308891888E-4
1983 8.762062920725125E-4 8.762062920725125E-4
1984 8.757444358235663E-4 8.757444358235663E-4
1985 8.752830619529618E-4 8.752830619529618E-4
1986 8.748221737233761E-4 8.748221737233761E-4
1987 8.743617668718222E-4 8.743617668718222E-4
1988 8.739018419583874E-4 8.739018419583874E-4
1989 8.734423988778927E-4 8.734423988778927E-4
1990 8.729834365022321E-4 8.729834365022321E-4
1991 8.725249554252344E-4 8.725249554252344E-4
1992 8.720669510463812E-4 8.720669510463812E-4
1993 8.71609425120117E-4 8.71609425120117E-4
1994 8.711523765369215E-4 8.711523765369215E-4
1995 8.706958053376094E-4 8.706958053376094E-4
1996 8.702397080629236E-4 8.702397080629236E-4
1997 8.697840870498653E-4 8.697840870498653E-4
1998 8.693289393647837E-4 8.693289393647837E-4
1999 8.688742662212316E-4 8.688742662212316E-4
