batch, xor, l1_norm, lr: 0.3, mu:0.9
0 1.9744812463936587 1.9744812463936587
1 1.9625208113088313 1.9625208113088313
2 1.9432123198102147 1.9432123198102147
3 1.9102190067697613 1.9102190067697613
4 1.8480105955450676 1.8480105955450676
5 1.741486621450464 1.741486621450464
6 1.5856142074264983 1.5856142074264983
7 1.420780760646943 1.420780760646943
8 1.2937556954427143 1.2937556954427143
9 1.1947565806797156 1.1947565806797156
10 1.1351202902564177 1.1351202902564177
11 1.0956459400302072 1.0956459400302072
12 1.0691037329693132 1.0691037329693132
13 1.050974046452877 1.050974046452877
14 1.0383898261598454 1.0383898261598454
15 1.0295096749474912 1.0295096749474912
16 1.0231378790786594 1.0231378790786594
17 1.0184893765041505 1.0184893765041505
18 1.015042575444461 1.015042575444461
19 1.0124464858091484 1.0124464858091484
20 1.0104617287149102 1.0104617287149102
21 1.0089227798191869 1.0089227798191869
22 1.0077135850942955 1.0077135850942955
23 1.0067516506556151 1.0067516506556151
24 1.0059775450058548 1.0059775450058548
25 1.0053478904430735 1.0053478904430735
26 1.0048306271006502 1.0048306271006502
27 1.00440177358848 1.00440177358848
28 1.0040431844500168 1.0040431844500168
29 1.0037409792309295 1.0037409792309295
30 1.0034844292719525 1.0034844292719525
31 1.0032651600065405 1.0032651600065405
32 1.0030765731561095 1.0030765731561095
33 1.0029134238488124 1.0029134238488124
34 1.002771508031833 1.002771508031833
35 1.0026474291997758 1.0026474291997758
36 1.002538422718659 1.002538422718659
37 1.0024422223652747 1.0024422223652747
38 1.0023569580872445 1.0023569580872445
39 1.0022810770518429 1.0022810770518429
40 1.002213282210526 1.002213282210526
41 1.002152484141611 1.002152484141611
42 1.0020977630351866 1.0020977630351866
43 1.0020483384813665 1.0020483384813665
44 1.0020035453042961 1.0020035453042961
45 1.0019628141115944 1.0019628141115944
46 1.0019256555453442 1.0019256555453442
47 1.001891647456732 1.001891647456732
48 1.0018604244037077 1.0018604244037077
49 1.001831669005044 1.001831669005044
50 1.001805104786141 1.001805104786141
51 1.001780490229994 1.001780490229994
52 1.0017576138068436 1.0017576138068436
53 1.0017362898026037 1.0017362898026037
54 1.0017163548024008 1.0017163548024008
55 1.0016976647139486 1.0016976647139486
56 1.001680092237798 1.001680092237798
57 1.001663524709169 1.001663524709169
58 1.0016478622500813 1.0016478622500813
59 1.0016330161816946 1.0016330161816946
60 1.001618907655744 1.001618907655744
61 1.0016054664711673 1.0016054664711673
62 1.0015926300478561 1.0015926300478561
63 1.0015803425342185 1.0015803425342185
64 1.0015685540290797 1.0015685540290797
65 1.0015572199016212 1.0015572199016212
66 1.0015463001956448 1.0015463001956448
67 1.001535759106599 1.001535759106599
68 1.001525564521565 1.001525564521565
69 1.0015156876138709 1.0015156876138709
70 1.0015061024852392 1.0015061024852392
71 1.001496785849389 1.001496785849389
72 1.0014877167518743 1.0014877167518743
73 1.0014788763216766 1.0014788763216766
74 1.0014702475506683 1.0014702475506683
75 1.0014618150975998 1.0014618150975998
76 1.0014535651136909 1.0014535651136909
77 1.0014454850872927 1.0014454850872927
78 1.0014375637054165 1.0014375637054165
79 1.0014297907301803 1.0014297907301803
80 1.0014221568885 1.0014221568885
81 1.0014146537735187 1.0014146537735187
82 1.0014072737564779 1.0014072737564779
83 1.0014000099078744 1.0014000099078744
84 1.0013928559268845 1.0013928559268845
85 1.0013858060781562 1.0013858060781562
86 1.001378855135178 1.001378855135178
87 1.0013719983295086 1.0013719983295086
88 1.0013652313052515 1.0013652313052515
89 1.0013585500782154 1.0013585500782154
90 1.0013519509992592 1.0013519509992592
91 1.0013454307213865 1.0013454307213865
92 1.0013389861702013 1.0013389861702013
93 1.0013326145173622 1.0013326145173622
94 1.0013263131567338 1.0013263131567338
95 1.0013200796829533 1.0013200796829533
96 1.0013139118721586 1.0013139118721586
97 1.001307807664659 1.001307807664659
98 1.0013017651493505 1.0013017651493505
99 1.001295782549692 1.001295782549692
100 1.001289858211084 1.001289858211084
101 1.0012839905895123 1.0012839905895123
102 1.0012781782413196 1.0012781782413196
103 1.0012724198139942 1.0012724198139942
104 1.001266714037874 1.001266714037874
105 1.0012610597186704 1.0012610597186704
106 1.0012554557307312 1.0012554557307312
107 1.0012499010109637 1.0012499010109637
108 1.001244394553359 1.001244394553359
109 1.0012389354040496 1.0012389354040496
110 1.0012335226568478 1.0012335226568478
111 1.0012281554492233 1.0012281554492233
112 1.0012228329586648 1.0012228329586648
113 1.0012175543993986 1.0012175543993986
114 1.0012123190194187 1.0012123190194187
115 1.0012071260978046 1.0012071260978046
116 1.0012019749422933 1.0012019749422933
117 1.0011968648870824 1.0011968648870824
118 1.0011917952908411 1.0011917952908411
119 1.0011867655349076 1.0011867655349076
120 1.0011817750216567 1.0011817750216567
121 1.0011768231730154 1.0011768231730154
122 1.0011719094291198 1.0011719094291198
123 1.0011670332470923 1.0011670332470923
124 1.0011621940999305 1.0011621940999305
125 1.001157391475496 1.001157391475496
126 1.0011526248755958 1.0011526248755958
127 1.0011478938151415 1.0011478938151415
128 1.001143197821385 1.001143197821385
129 1.00113853643322 1.00113853643322
130 1.0011339092005418 1.0011339092005418
131 1.0011293156836645 1.0011293156836645
132 1.0011247554527827 1.0011247554527827
133 1.0011202280874827 1.0011202280874827
134 1.0011157331762885 1.0011157331762885
135 1.0011112703162472 1.0011112703162472
136 1.0011068391125477 1.0011068391125477
137 1.0011024391781655 1.0011024391781655
138 1.0010980701335386 1.0010980701335386
139 1.0010937316062622 1.0010937316062622
140 1.0010894232308147 1.0010894232308147
141 1.0010851446482925 1.0010851446482925
142 1.0010808955061716 1.0010808955061716
143 1.0010766754580822 1.0010766754580822
144 1.0010724841635974 1.0010724841635974
145 1.0010683212880391 1.0010683212880391
146 1.001064186502294 1.001064186502294
147 1.0010600794826385 1.0010600794826385
148 1.0010559999105806 1.0010559999105806
149 1.001051947472705 1.001051947472705
150 1.00104792186053 1.00104792186053
151 1.0010439227703727 1.0010439227703727
152 1.0010399499032174 1.0010399499032174
153 1.0010360029645984 1.0010360029645984
154 1.0010320816644789 1.0010320816644789
155 1.001028185717146 1.001028185717146
156 1.0010243148411022 1.0010243148411022
157 1.001020468758967 1.001020468758967
158 1.0010166471973807 1.0010166471973807
159 1.0010128498869135 1.0010128498869135
160 1.0010090765619768 1.0010090765619768
161 1.001005326960739 1.001005326960739
162 1.001001600825047 1.001001600825047
163 1.0009978979003449 1.0009978979003449
164 1.0009942179356002 1.0009942179356002
165 1.0009905606832332 1.0009905606832332
166 1.000986925899045 1.000986925899045
167 1.0009833133421504 1.0009833133421504
168 1.0009797227749133 1.0009797227749133
169 1.0009761539628825 1.0009761539628825
170 1.0009726066747329 1.0009726066747329
171 1.000969080682201 1.000969080682201
172 1.0009655757600322 1.0009655757600322
173 1.0009620916859219 1.0009620916859219
174 1.0009586282404626 1.0009586282404626
175 1.0009551852070893 1.0009551852070893
176 1.000951762372028 1.000951762372028
177 1.0009483595242472 1.0009483595242472
178 1.0009449764554061 1.0009449764554061
179 1.0009416129598094 1.0009416129598094
180 1.0009382688343587 1.0009382688343587
181 1.0009349438785082 1.0009349438785082
182 1.000931637894219 1.000931637894219
183 1.0009283506859168 1.0009283506859168
184 1.0009250820604496 1.0009250820604496
185 1.0009218318270448 1.0009218318270448
186 1.0009185997972694 1.0009185997972694
187 1.0009153857849913 1.0009153857849913
188 1.000912189606339 1.000912189606339
189 1.0009090110796641 1.0009090110796641
190 1.000905850025504 1.000905850025504
191 1.0009027062665456 1.0009027062665456
192 1.0008995796275897 1.0008995796275897
193 1.0008964699355163 1.0008964699355163
194 1.0008933770192492 1.0008933770192492
195 1.0008903007097232 1.0008903007097232
196 1.000887240839852 1.000887240839852
197 1.000884197244494 1.000884197244494
198 1.0008811697604219 1.0008811697604219
199 1.0008781582262916 1.0008781582262916
200 1.0008751624826122 1.0008751624826122
201 1.0008721823717146 1.0008721823717146
202 1.0008692177377225 1.0008692177377225
203 1.0008662684265266 1.0008662684265266
204 1.0008633342857514 1.0008633342857514
205 1.0008604151647311 1.0008604151647311
206 1.0008575109144808 1.0008575109144808
207 1.0008546213876715 1.0008546213876715
208 1.0008517464386013 1.0008517464386013
209 1.0008488859231721 1.0008488859231721
210 1.0008460396988612 1.0008460396988612
211 1.000843207624701 1.000843207624701
212 1.0008403895612492 1.0008403895612492
213 1.0008375853705702 1.0008375853705702
214 1.0008347949162069 1.0008347949162069
215 1.0008320180631598 1.0008320180631598
216 1.0008292546778643 1.0008292546778643
217 1.0008265046281684 1.0008265046281684
218 1.000823767783308 1.000823767783308
219 1.0008210440138903 1.0008210440138903
220 1.000818333191867 1.000818333191867
221 1.0008156351905177 1.0008156351905177
222 1.000812949884427 1.000812949884427
223 1.0008102771494651 1.0008102771494651
224 1.0008076168627678 1.0008076168627678
225 1.0008049689027159 1.0008049689027159
226 1.0008023331489178 1.0008023331489178
227 1.0007997094821899 1.0007997094821899
228 1.0007970977845362 1.0007970977845362
229 1.000794497939133 1.000794497939133
230 1.0007919098303084 1.0007919098303084
231 1.0007893333435254 1.0007893333435254
232 1.0007867683653646 1.0007867683653646
233 1.000784214783507 1.000784214783507
234 1.0007816724867167 1.0007816724867167
235 1.0007791413648242 1.0007791413648242
236 1.0007766213087101 1.0007766213087101
237 1.0007741122102898 1.0007741122102898
238 1.0007716139624954 1.0007716139624954
239 1.0007691264592622 1.0007691264592622
240 1.0007666495955128 1.0007666495955128
241 1.0007641832671408 1.0007641832671408
242 1.0007617273709968 1.0007617273709968
243 1.000759281804873 1.000759281804873
244 1.0007568464674892 1.0007568464674892
245 1.0007544212584785 1.0007544212584785
246 1.0007520060783728 1.0007520060783728
247 1.000749600828589 1.000749600828589
248 1.0007472054114148 1.0007472054114148
249 1.000744819729996 1.000744819729996
250 1.0007424436883225 1.0007424436883225
251 1.0007400771912167 1.0007400771912167
252 1.0007377201443166 1.0007377201443166
253 1.0007353724540688 1.0007353724540688
254 1.0007330340277107 1.0007330340277107
255 1.0007307047732599 1.0007307047732599
256 1.0007283845995034 1.0007283845995034
257 1.0007260734159837 1.0007260734159837
258 1.0007237711329873 1.0007237711329873
259 1.0007214776615319 1.0007214776615319
260 1.000719192913358 1.000719192913358
261 1.0007169168009136 1.0007169168009136
262 1.000714649237345 1.000714649237345
263 1.0007123901364847 1.0007123901364847
264 1.0007101394128421 1.0007101394128421
265 1.000707896981589 1.000707896981589
266 1.0007056627585529 1.0007056627585529
267 1.0007034366602037 1.0007034366602037
268 1.0007012186036448 1.0007012186036448
269 1.0006990085066003 1.0006990085066003
270 1.0006968062874078 1.0006968062874078
271 1.000694611865006 1.000694611865006
272 1.0006924251589269 1.0006924251589269
273 1.000690246089282 1.000690246089282
274 1.000688074576757 1.000688074576757
275 1.0006859105425998 1.0006859105425998
276 1.0006837539086104 1.0006837539086104
277 1.0006816045971332 1.0006816045971332
278 1.0006794625310453 1.0006794625310453
279 1.0006773276337504 1.0006773276337504
280 1.0006751998291668 1.0006751998291668
281 1.0006730790417202 1.0006730790417202
282 1.0006709651963321 1.0006709651963321
283 1.0006688582184151 1.0006688582184151
284 1.00066675803386 1.00066675803386
285 1.00066466456903 1.00066466456903
286 1.00066257775075 1.00066257775075
287 1.0006604975062998 1.0006604975062998
288 1.000658423763404 1.000658423763404
289 1.0006563564502255 1.0006563564502255
290 1.0006542954953548 1.0006542954953548
291 1.0006522408278051 1.0006522408278051
292 1.0006501923770004 1.0006501923770004
293 1.0006481500727697 1.0006481500727697
294 1.0006461138453386 1.0006461138453386
295 1.0006440836253214 1.0006440836253214
296 1.0006420593437129 1.0006420593437129
297 1.0006400409318814 1.0006400409318814
298 1.0006380283215586 1.0006380283215586
299 1.000636021444836 1.000636021444836
300 1.0006340202341528 1.0006340202341528
301 1.0006320246222908 1.0006320246222908
302 1.0006300345423684 1.0006300345423684
303 1.0006280499278275 1.0006280499278275
304 1.0006260707124335 1.0006260707124335
305 1.0006240968302622 1.0006240968302622
306 1.0006221282156946 1.0006221282156946
307 1.0006201648034097 1.0006201648034097
308 1.000618206528377 1.000618206528377
309 1.0006162533258494 1.0006162533258494
310 1.000614305131356 1.000614305131356
311 1.0006123618806946 1.0006123618806946
312 1.0006104235099251 1.0006104235099251
313 1.0006084899553622 1.0006084899553622
314 1.0006065611535697 1.0006065611535697
315 1.0006046370413502 1.0006046370413502
316 1.000602717555742 1.000602717555742
317 1.0006008026340094 1.0006008026340094
318 1.0005988922136375 1.0005988922136375
319 1.000596986232324 1.000596986232324
320 1.0005950846279732 1.0005950846279732
321 1.00059318733869 1.00059318733869
322 1.0005912943027704 1.0005912943027704
323 1.0005894054586968 1.0005894054586968
324 1.000587520745133 1.000587520745133
325 1.0005856401009117 1.0005856401009117
326 1.0005837634650332 1.0005837634650332
327 1.0005818907766577 1.0005818907766577
328 1.0005800219750958 1.0005800219750958
329 1.0005781569998047 1.0005781569998047
330 1.00057629579038 1.00057629579038
331 1.0005744382865498 1.0005744382865498
332 1.0005725844281677 1.0005725844281677
333 1.000570734155206 1.000570734155206
334 1.000568887407748 1.000568887407748
335 1.0005670441259849 1.0005670441259849
336 1.000565204250204 1.000565204250204
337 1.0005633677207868 1.0005633677207868
338 1.0005615344781977 1.0005615344781977
339 1.0005597044629824 1.0005597044629824
340 1.0005578776157562 1.0005578776157562
341 1.0005560538772014 1.0005560538772014
342 1.0005542331880568 1.0005542331880568
343 1.0005524154891157 1.0005524154891157
344 1.0005506007212135 1.0005506007212135
345 1.000548788825225 1.000548788825225
346 1.0005469797420563 1.0005469797420563
347 1.0005451734126378 1.0005451734126378
348 1.0005433697779185 1.0005433697779185
349 1.0005415687788561 1.0005415687788561
350 1.0005397703564152 1.0005397703564152
351 1.0005379744515546 1.0005379744515546
352 1.0005361810052247 1.0005361810052247
353 1.0005343899583587 1.0005343899583587
354 1.0005326012518656 1.0005326012518656
355 1.000530814826624 1.000530814826624
356 1.0005290306234733 1.0005290306234733
357 1.0005272485832086 1.0005272485832086
358 1.0005254686465723 1.0005254686465723
359 1.0005236907542479 1.0005236907542479
360 1.0005219148468505 1.0005219148468505
361 1.0005201408649227 1.0005201408649227
362 1.000518368748925 1.000518368748925
363 1.0005165984392286 1.0005165984392286
364 1.0005148298761086 1.0005148298761086
365 1.0005130629997365 1.0005130629997365
366 1.000511297750173 1.000511297750173
367 1.0005095340673578 1.0005095340673578
368 1.0005077718911055 1.0005077718911055
369 1.000506011161096 1.000506011161096
370 1.0005042518168665 1.0005042518168665
371 1.0005024937978042 1.0005024937978042
372 1.0005007370431385 1.0005007370431385
373 1.0004989814919316 1.0004989814919316
374 1.0004972270830728 1.0004972270830728
375 1.0004954737552683 1.0004954737552683
376 1.000493721447033 1.000493721447033
377 1.0004919700966837 1.0004919700966837
378 1.000490219642329 1.000490219642329
379 1.0004884700218617 1.0004884700218617
380 1.0004867211729505 1.0004867211729505
381 1.0004849730330292 1.0004849730330292
382 1.0004832255392913 1.0004832255392913
383 1.0004814786286775 1.0004814786286775
384 1.0004797322378705 1.0004797322378705
385 1.0004779863032813 1.0004779863032813
386 1.0004762407610444 1.0004762407610444
387 1.0004744955470057 1.0004744955470057
388 1.0004727505967135 1.0004727505967135
389 1.0004710058454105 1.0004710058454105
390 1.0004692612280217 1.0004692612280217
391 1.0004675166791466 1.0004675166791466
392 1.0004657721330472 1.0004657721330472
393 1.0004640275236412 1.0004640275236412
394 1.0004622827844876 1.0004622827844876
395 1.0004605378487796 1.0004605378487796
396 1.0004587926493327 1.0004587926493327
397 1.0004570471185743 1.0004570471185743
398 1.0004553011885327 1.0004553011885327
399 1.0004535547908269 1.0004535547908269
400 1.0004518078566538 1.0004518078566538
401 1.0004500603167792 1.0004500603167792
402 1.0004483121015244 1.0004483121015244
403 1.0004465631407558 1.0004465631407558
404 1.000444813363872 1.000444813363872
405 1.0004430626997936 1.0004430626997936
406 1.0004413110769486 1.0004413110769486
407 1.0004395584232613 1.0004395584232613
408 1.0004378046661413 1.0004378046661413
409 1.000436049732467 1.000436049732467
410 1.0004342935485768 1.0004342935485768
411 1.0004325360402524 1.0004325360402524
412 1.000430777132708 1.000430777132708
413 1.0004290167505743 1.0004290167505743
414 1.0004272548178867 1.0004272548178867
415 1.0004254912580715 1.0004254912580715
416 1.0004237259939281 1.0004237259939281
417 1.0004219589476182 1.0004219589476182
418 1.00042019004065 1.00042019004065
419 1.0004184191938605 1.0004184191938605
420 1.0004166463274056 1.0004166463274056
421 1.0004148713607384 1.0004148713607384
422 1.0004130942125962 1.0004130942125962
423 1.000411314800986 1.000411314800986
424 1.000409533043164 1.000409533043164
425 1.000407748855622 1.000407748855622
426 1.000405962154069 1.000405962154069
427 1.000404172853413 1.000404172853413
428 1.0004023808677456 1.0004023808677456
429 1.0004005861103211 1.0004005861103211
430 1.0003987884935392 1.0003987884935392
431 1.0003969879289283 1.0003969879289283
432 1.0003951843271217 1.0003951843271217
433 1.0003933775978422 1.0003933775978422
434 1.00039156764988 1.00039156764988
435 1.0003897543910734 1.0003897543910734
436 1.000387937728288 1.000387937728288
437 1.000386117567394 1.000386117567394
438 1.0003842938132461 1.0003842938132461
439 1.0003824663696628 1.0003824663696628
440 1.0003806351394005 1.0003806351394005
441 1.0003788000241332 1.0003788000241332
442 1.000376960924428 1.000376960924428
443 1.0003751177397222 1.0003751177397222
444 1.000373270368297 1.000373270368297
445 1.0003714187072554 1.0003714187072554
446 1.0003695626524944 1.0003695626524944
447 1.0003677020986799 1.0003677020986799
448 1.0003658369392208 1.0003658369392208
449 1.00036396706624 1.00036396706624
450 1.00036209237055 1.00036209237055
451 1.000360212741621 1.000360212741621
452 1.0003583280675545 1.0003583280675545
453 1.0003564382350534 1.0003564382350534
454 1.0003545431293905 1.0003545431293905
455 1.0003526426343792 1.0003526426343792
456 1.0003507366323419 1.0003507366323419
457 1.0003488250040764 1.0003488250040764
458 1.0003469076288245 1.0003469076288245
459 1.0003449843842371 1.0003449843842371
460 1.0003430551463415 1.0003430551463415
461 1.0003411197895036 1.0003411197895036
462 1.0003391781863942 1.0003391781863942
463 1.0003372302079507 1.0003372302079507
464 1.0003352757233408 1.0003352757233408
465 1.0003333145999216 1.0003333145999216
466 1.000331346703202 1.000331346703202
467 1.000329371896802 1.000329371896802
468 1.0003273900424106 1.0003273900424106
469 1.000325400999744 1.000325400999744
470 1.0003234046265015 1.0003234046265015
471 1.000321400778322 1.000321400778322
472 1.0003193893087388 1.0003193893087388
473 1.0003173700691306 1.0003173700691306
474 1.000315342908677 1.000315342908677
475 1.0003133076743065 1.0003133076743065
476 1.000311264210649 1.000311264210649
477 1.0003092123599835 1.0003092123599835
478 1.0003071519621836 1.0003071519621836
479 1.000305082854667 1.000305082854667
480 1.000303004872338 1.000303004872338
481 1.000300917847531 1.000300917847531
482 1.0002988216099529 1.0002988216099529
483 1.0002967159866234 1.0002967159866234
484 1.0002946008018132 1.0002946008018132
485 1.000292475876983 1.000292475876983
486 1.000290341030717 1.000290341030717
487 1.000288196078659 1.000288196078659
488 1.0002860408334426 1.0002860408334426
489 1.0002838751046246 1.0002838751046246
490 1.0002816986986114 1.0002816986986114
491 1.000279511418586 1.000279511418586
492 1.0002773130644345 1.0002773130644345
493 1.000275103432667 1.000275103432667
494 1.0002728823163403 1.0002728823163403
495 1.0002706495049762 1.0002706495049762
496 1.0002684047844768 1.0002684047844768
497 1.0002661479370403 1.0002661479370403
498 1.000263878741072 1.000263878741072
499 1.0002615969710944 1.0002615969710944
500 1.0002593023976543 1.0002593023976543
501 1.0002569947872262 1.0002569947872262
502 1.0002546739021163 1.0002546739021163
503 1.0002523395003584 1.0002523395003584
504 1.0002499913356142 1.0002499913356142
505 1.0002476291570628 1.0002476291570628
506 1.000245252709293 1.000245252709293
507 1.0002428617321908 1.0002428617321908
508 1.000240455960822 1.000240455960822
509 1.0002380351253142 1.0002380351253142
510 1.0002355989507332 1.0002355989507332
511 1.0002331471569563 1.0002331471569563
512 1.0002306794585434 1.0002306794585434
513 1.0002281955646029 1.0002281955646029
514 1.0002256951786521 1.0002256951786521
515 1.0002231779984785 1.0002231779984785
516 1.0002206437159908 1.0002206437159908
517 1.0002180920170702 1.0002180920170702
518 1.0002155225814149 1.0002155225814149
519 1.0002129350823807 1.0002129350823807
520 1.0002103291868158 1.0002103291868158
521 1.0002077045548912 1.0002077045548912
522 1.000205060839929 1.000205060839929
523 1.0002023976882184 1.0002023976882184
524 1.0001997147388313 1.0001997147388313
525 1.0001970116234327 1.0001970116234327
526 1.0001942879660808 1.0001942879660808
527 1.000191543383026 1.000191543383026
528 1.0001887774824987 1.0001887774824987
529 1.0001859898644934 1.0001859898644934
530 1.0001831801205467 1.0001831801205467
531 1.0001803478335038 1.0001803478335038
532 1.0001774925772826 1.0001774925772826
533 1.000174613916627 1.000174613916627
534 1.0001717114068531 1.0001717114068531
535 1.0001687845935867 1.0001687845935867
536 1.0001658330124938 1.0001658330124938
537 1.0001628561889997 1.0001628561889997
538 1.0001598536379994 1.0001598536379994
539 1.0001568248635608 1.0001568248635608
540 1.0001537693586149 1.0001537693586149
541 1.0001506866046357 1.0001506866046357
542 1.000147576071312 1.000147576071312
543 1.0001444372162052 1.0001444372162052
544 1.0001412694843956 1.0001412694843956
545 1.0001380723081186 1.0001380723081186
546 1.0001348451063858 1.0001348451063858
547 1.0001315872845946 1.0001315872845946
548 1.0001282982341224 1.0001282982341224
549 1.0001249773319085 1.0001249773319085
550 1.0001216239400195 1.0001216239400195
551 1.0001182374051993 1.0001182374051993
552 1.0001148170584047 1.0001148170584047
553 1.0001113622143218 1.0001113622143218
554 1.0001078721708674 1.0001078721708674
555 1.0001043462086674 1.0001043462086674
556 1.0001007835905233 1.0001007835905233
557 1.0000971835608534 1.0000971835608534
558 1.000093545345113 1.000093545345113
559 1.0000898681491972 1.0000898681491972
560 1.0000861511588193 1.0000861511588193
561 1.000082393538861 1.000082393538861
562 1.0000785944327062 1.0000785944327062
563 1.0000747529615424 1.0000747529615424
564 1.0000708682236392 1.0000708682236392
565 1.0000669392935961 1.0000669392935961
566 1.000062965221563 1.000062965221563
567 1.0000589450324284 1.0000589450324284
568 1.0000548777249774 1.0000548777249774
569 1.0000507622710133 1.0000507622710133
570 1.0000465976144486 1.0000465976144486
571 1.0000423826703528 1.0000423826703528
572 1.0000381163239687 1.0000381163239687
573 1.0000337974296838 1.0000337974296838
574 1.0000294248099606 1.0000294248099606
575 1.0000249972542232 1.0000249972542232
576 1.000020513517697 1.000020513517697
577 1.0000159723202007 1.0000159723202007
578 1.0000113723448856 1.0000113723448856
579 1.0000067122369234 1.0000067122369234
580 1.000001990602136 1.000001990602136
581 0.9999972060055683 0.9999972060055683
582 0.9999923569699964 0.9999923569699964
583 0.9999874419743745 0.9999874419743745
584 0.9999824594522092 0.9999824594522092
585 0.9999774077898664 0.9999774077898664
586 0.9999722853247978 0.9999722853247978
587 0.9999670903436929 0.9999670903436929
588 0.9999618210805435 0.9999618210805435
589 0.9999564757146218 0.9999564757146218
590 0.9999510523683668 0.9999510523683668
591 0.9999455491051696 0.9999455491051696
592 0.9999399639270604 0.9999399639270604
593 0.999934294772283 0.999934294772283
594 0.9999285395127572 0.9999285395127572
595 0.9999226959514195 0.9999226959514195
596 0.9999167618194369 0.9999167618194369
597 0.9999107347732845 0.9999107347732845
598 0.9999046123916848 0.9999046123916848
599 0.9998983921723912 0.9998983921723912
600 0.9998920715288183 0.9998920715288183
601 0.9998856477864995 0.9998856477864995
602 0.9998791181793714 0.9998791181793714
603 0.999872479845865 0.999872479845865
604 0.9998657298248026 0.9998657298248026
605 0.9998588650510809 0.9998588650510809
606 0.9998518823511291 0.9998518823511291
607 0.9998447784381342 0.9998447784381342
608 0.9998375499070088 0.9998375499070088
609 0.9998301932290975 0.9998301932290975
610 0.9998227047465943 0.9998227047465943
611 0.9998150806666617 0.9998150806666617
612 0.9998073170552275 0.9998073170552275
613 0.9997994098304436 0.9997994098304436
614 0.9997913547557761 0.9997913547557761
615 0.9997831474327155 0.9997831474327155
616 0.9997747832930716 0.9997747832930716
617 0.9997662575908302 0.9997662575908302
618 0.9997575653935424 0.9997575653935424
619 0.9997487015732147 0.9997487015732147
620 0.9997396607966672 0.9997396607966672
621 0.999730437515318 0.999730437515318
622 0.9997210259543662 0.9997210259543662
623 0.9997114201013152 0.9997114201013152
624 0.9997016136938074 0.9997016136938074
625 0.9996916002067069 0.9996916002067069
626 0.9996813728383838 0.9996813728383838
627 0.9996709244961436 0.9996709244961436
628 0.999660247780734 0.999660247780734
629 0.9996493349698617 0.9996493349698617
630 0.9996381780006534 0.9996381780006534
631 0.9996267684509681 0.9996267684509681
632 0.999615097519488 0.999615097519488
633 0.9996031560044801 0.9996031560044801
634 0.9995909342811385 0.9995909342811385
635 0.999578422277383 0.999578422277383
636 0.9995656094480044 0.9995656094480044
637 0.999552484747014 0.999552484747014
638 0.9995390365980559 0.9995390365980559
639 0.9995252528627252 0.9995252528627252
640 0.9995111208066148 0.9995111208066148
641 0.9994966270629019 0.9994966270629019
642 0.9994817575932674 0.9994817575932674
643 0.9994664976459172 0.9994664976459172
644 0.9994508317104557 0.9994508317104557
645 0.9994347434693341 0.9994347434693341
646 0.9994182157455718 0.9994182157455718
647 0.9994012304464117 0.9994012304464117
648 0.999383768502545 0.999383768502545
649 0.9993658098024901 0.9993658098024901
650 0.9993473331216853 0.9993473331216853
651 0.9993283160457817 0.9993283160457817
652 0.9993087348875938 0.9993087348875938
653 0.9992885645970874 0.9992885645970874
654 0.999267778663721 0.999267778663721
655 0.9992463490103831 0.9992463490103831
656 0.9992242458780765 0.9992242458780765
657 0.9992014377004015 0.9992014377004015
658 0.9991778909667874 0.9991778909667874
659 0.9991535700732802 0.9991535700732802
660 0.9991284371595698 0.9991284371595698
661 0.9991024519307623 0.9991024519307623
662 0.9990755714622247 0.9990755714622247
663 0.999047749985621 0.999047749985621
664 0.9990189386540026 0.9990189386540026
665 0.9989890852835634 0.9989890852835634
666 0.9989581340693263 0.9989581340693263
667 0.9989260252716777 0.9989260252716777
668 0.9988926948702466 0.9988926948702466
669 0.9988580741811237 0.9988580741811237
670 0.9988220894328734 0.9988220894328734
671 0.9987846612961171 0.9987846612961171
672 0.9987457043607266 0.9987457043607266
673 0.9987051265537581 0.9987051265537581
674 0.9986628284902482 0.9986628284902482
675 0.9986187027477552 0.9986187027477552
676 0.9985726330541186 0.9985726330541186
677 0.9985244933762255 0.9985244933762255
678 0.9984741468955929 0.9984741468955929
679 0.9984214448542088 0.9984214448542088
680 0.9983662252513038 0.9983662252513038
681 0.9983083113683686 0.9983083113683686
682 0.9982475100957495 0.9982475100957495
683 0.9981836100293842 0.9981836100293842
684 0.9981163793004333 0.9981163793004333
685 0.9980455630936227 0.9980455630936227
686 0.9979708808016098 0.9979708808016098
687 0.9978920227523814 0.9978920227523814
688 0.9978086464340283 0.9978086464340283
689 0.9977203721257208 0.9977203721257208
690 0.9976267778244984 0.9976267778244984
691 0.9975273933336747 0.9975273933336747
692 0.9974216933489528 0.9974216933489528
693 0.997309089341106 0.997309089341106
694 0.997188919987136 0.997188919987136
695 0.9970604398423187 0.9970604398423187
696 0.9969228058696501 0.9969228058696501
697 0.9967750613458035 0.9967750613458035
698 0.9966161165368621 0.9966161165368621
699 0.9964447253733482 0.9964447253733482
700 0.9962594571394523 0.9962594571394523
701 0.9960586619078451 0.9960586619078451
702 0.9958404280737736 0.9958404280737736
703 0.9956025298346726 0.9956025298346726
704 0.9953423617731527 0.9953423617731527
705 0.9950568567582946 0.9950568567582946
706 0.994742382074677 0.994742382074677
707 0.9943946068606765 0.9943946068606765
708 0.9940083313469852 0.9940083313469852
709 0.9935772646668957 0.9935772646668957
710 0.9930937325946617 0.9930937325946617
711 0.9925482885643636 0.9925482885643636
712 0.9919291892975097 0.9919291892975097
713 0.9912216779817736 0.9912216779817736
714 0.990406989284679 0.990406989284679
715 0.9894609448680936 0.9894609448680936
716 0.9883519337686603 0.9883519337686603
717 0.9870379478961921 0.9870379478961921
718 0.9854621297239664 0.9854621297239664
719 0.9835459116132947 0.9835459116132947
720 0.9811781339252432 0.9811781339252432
721 0.9781972104833386 0.9781972104833386
722 0.9743607889344982 0.9743607889344982
723 0.9692918895800554 0.9692918895800554
724 0.9623784988287154 0.9623784988287154
725 0.952575653907782 0.952575653907782
726 0.9379901377896335 0.9379901377896335
727 0.9149494789801802 0.9149494789801802
728 0.8757957089809106 0.8757957089809106
729 0.8037174669679991 0.8037174669679991
730 0.6645761749505883 0.6645761749505883
731 0.4288693915529295 0.4288693915529295
732 0.19566470473323672 0.19566470473323672
733 0.08188144938545538 0.08188144938545538
734 0.04038521920482932 0.04038521920482932
735 0.0263213409405784 0.0263213409405784
736 0.022685603512239236 0.022685603512239236
737 0.022685603512239236 0.02283864231958163
738 0.022685603512239236 0.023613183623995334
739 0.022685603512239236 0.023871274599080936
740 0.022685603512239236 0.024168598030254573
741 0.022685603512239236 0.025310657374277918
742 0.022685603512239236 0.02682283345434431
743 0.022685603512239236 0.02773596580692521
744 0.022685603512239236 0.028085846306503043
745 0.022685603512239236 0.02830322365825963
746 0.022685603512239236 0.028362828335093807
747 0.022685603512239236 0.0281793502762143
748 0.022685603512239236 0.027804757746946834
749 0.022685603512239236 0.02728501221634608
750 0.022685603512239236 0.02663403678919965
751 0.022685603512239236 0.025872707910333893
752 0.022685603512239236 0.025029236067798638
753 0.022685603512239236 0.024129052231035817
754 0.022685603512239236 0.023193871979422256
755 0.02224271224585392 0.02224271224585392
756 0.021291648808783363 0.021291648808783363
757 0.020353498829396417 0.020353498829396417
758 0.01943791266233092 0.01943791266233092
759 0.018551684532470046 0.018551684532470046
760 0.01769918852591683 0.01769918852591683
761 0.016882941049185824 0.016882941049185824
762 0.016104224194839256 0.016104224194839256
763 0.01536362691220296 0.01536362691220296
764 0.014661378136008686 0.014661378136008686
765 0.013997451704242863 0.013997451704242863
766 0.013371528675019636 0.013371528675019636
767 0.012782932190209043 0.012782932190209043
768 0.012230607889355326 0.012230607889355326
769 0.011713164203401322 0.011713164203401322
770 0.011228951913590579 0.011228951913590579
771 0.010776155563488113 0.010776155563488113
772 0.010352877268184766 0.010352877268184766
773 0.009957203901248955 0.009957203901248955
774 0.009587256090537092 0.009587256090537092
775 0.009241221241326543 0.009241221241326543
776 0.008917374039591325 0.008917374039591325
777 0.008614087795534615 0.008614087795534615
778 0.008329839389733626 0.008329839389733626
779 0.008063209907149085 0.008063209907149085
780 0.007812882459269598 0.007812882459269598
781 0.007577638243727188 0.007577638243727188
782 0.007356351562594639 0.007356351562594639
783 0.007147984289003791 0.007147984289003791
784 0.006951580110778486 0.006951580110778486
785 0.00676625876883958 0.00676625876883958
786 0.006591210431878311 0.006591210431878311
787 0.0064256902964702454 0.0064256902964702454
788 0.00626901346590909 0.00626901346590909
789 0.006120550136425443 0.006120550136425443
790 0.00597972110265196 0.00597972110265196
791 0.0058459935827897234 0.0058459935827897234
792 0.0057188773563163105 0.0057188773563163105
793 0.005597921202131201 0.005597921202131201
794 0.005482709621966082 0.005482709621966082
795 0.0053728598321720455 0.0053728598321720455
796 0.005268019006204598 0.005268019006204598
797 0.005167861750004853 0.005167861750004853
798 0.005072087792795343 0.005072087792795343
799 0.004980419876430067 0.004980419876430067
800 0.004892601827243857 0.004892601827243857
801 0.004808396795279792 0.004808396795279792
802 0.004727585646738095 0.004727585646738095
803 0.004649965496497767 0.004649965496497767
804 0.004575348368541371 0.004575348368541371
805 0.004503559973060069 0.004503559973060069
806 0.004434438589944464 0.004434438589944464
807 0.00436783404920932 0.00436783404920932
808 0.0043036067997208865 0.0043036067997208865
809 0.004241627058339289 0.004241627058339289
810 0.004181774032287507 0.004181774032287507
811 0.004123935208192342 0.004123935208192342
812 0.00406800570183964 0.00406800570183964
813 0.004013887663223507 0.004013887663223507
814 0.003961489731949399 0.003961489731949399
815 0.003910726538519347 0.003910726538519347
816 0.003861518247423702 0.003861518247423702
817 0.0038137901383354213 0.0038137901383354213
818 0.0037674722220517615 0.0037674722220517615
819 0.0037224988881223615 0.0037224988881223615
820 0.0036788085813909653 0.0036788085813909653
821 0.0036363435049265908 0.0036363435049265908
822 0.0035950493470506984 0.0035950493470506984
823 0.0035548750303743284 0.0035548750303743284
824 0.003515772480947998 0.003515772480947998
825 0.0034776964158011923 0.0034776964158011923
826 0.0034406041472949444 0.0034406041472949444
827 0.0034044554028665854 0.0034044554028665854
828 0.003369212158854639 0.003369212158854639
829 0.003334838487226518 0.003334838487226518
830 0.0033013004141210825 0.0033013004141210825
831 0.0032685657892264214 0.0032685657892264214
832 0.003236604165089166 0.003236604165089166
833 0.0032053866855372075 0.0032053866855372075
834 0.0031748859824699796 0.0031748859824699796
835 0.0031450760803273907 0.0031450760803273907
836 0.003115932307619594 0.003115932307619594
837 0.0030874312149398154 0.0030874312149398154
838 0.003059550498947161 0.003059550498947161
839 0.00303226893183557 0.00303226893183557
840 0.003005566295856581 0.003005566295856581
841 0.002979423322493743 0.002979423322493743
842 0.002953821635926953 0.002953821635926953
843 0.002928743700448758 0.002928743700448758
844 0.0029041727715250557 0.0029041727715250557
845 0.002880092850222196 0.002880092850222196
846 0.002856488640740341 0.002856488640740341
847 0.002833345510815425 0.002833345510815425
848 0.0028106494547740944 0.0028106494547740944
849 0.002788387059042478 0.002788387059042478
850 0.0027665454699225987 0.0027665454699225987
851 0.0027451123634714015 0.0027451123634714015
852 0.0027240759173254464 0.0027240759173254464
853 0.0027034247843275385 0.0027034247843275385
854 0.0026831480678285976 0.0026831480678285976
855 0.0026632352985384387 0.0026632352985384387
856 0.002643676412818898 0.002643676412818898
857 0.002624461732312874 0.002624461732312874
858 0.002605581944818504 0.002605581944818504
859 0.002587028086317983 0.002587028086317983
860 0.002568791524082152 0.002568791524082152
861 0.002550863940778946 0.002550863940778946
862 0.0025332373195096096 0.0025332373195096096
863 0.00251590392971952 0.00251590392971952
864 0.0024988563139145734 0.0024988563139145734
865 0.0024820872751405276 0.0024820872751405276
866 0.002465589865160241 0.002465589865160241
867 0.002449357373299572 0.002449357373299572
868 0.0024333833159007473 0.0024333833159007473
869 0.0024176614263615656 0.0024176614263615656
870 0.0024021856457074556 0.0024021856457074556
871 0.0023869501136713654 0.0023869501136713654
872 0.00237194916024813 0.00237194916024813
873 0.0023571772976915383 0.0023571772976915383
874 0.0023426292129267176 0.0023426292129267176
875 0.002328299760355589 0.002328299760355589
876 0.0023141839550276607 0.0023141839550276607
877 0.0023002769661556116 0.0023002769661556116
878 0.002286574110955541 0.002286574110955541
879 0.002273070848791717 0.002273070848791717
880 0.002259762775608189 0.002259762775608189
881 0.0022466456186307298 0.0022466456186307298
882 0.0022337152313233674 0.0022337152313233674
883 0.002220967588585877 0.002220967588585877
884 0.002208398782174506 0.002208398782174506
885 0.0021960050163406116 0.0021960050163406116
886 0.002183782603668705 0.002183782603668705
887 0.002171727961103446 0.002171727961103446
888 0.002159837606162062 0.002159837606162062
889 0.0021481081533109804 0.0021481081533109804
890 0.0021365363105076817 0.0021365363105076817
891 0.0021251188758947643 0.0021251188758947643
892 0.002113852734635867 0.002113852734635867
893 0.0021027348558932965 0.0021027348558932965
894 0.0020917622899311013 0.0020917622899311013
895 0.0020809321653431152 0.0020809321653431152
896 0.0020702416863995934 0.0020702416863995934
897 0.002059688130501753 0.002059688130501753
898 0.002049268845743759 0.002049268845743759
899 0.0020389812485748634 0.0020389812485748634
900 0.0020288228215561907 0.0020288228215561907
901 0.0020187911112093983 0.0020187911112093983
902 0.0020088837259484246 0.0020088837259484246
903 0.001999098334097995 0.001999098334097995
904 0.001989432661987605 0.001989432661987605
905 0.001979884492119096 0.001979884492119096
906 0.0019704516614072777 0.0019704516614072777
907 0.0019611320594889814 0.0019611320594889814
908 0.0019519236270927648 0.0019519236270927648
909 0.0019428243544755204 0.0019428243544755204
910 0.0019338322799125399 0.0019338322799125399
911 0.0019249454882494849 0.0019249454882494849
912 0.0019161621095031283 0.0019161621095031283
913 0.001907480317517203 0.001907480317517203
914 0.0018988983286631351 0.0018988983286631351
915 0.0018904144005936208 0.0018904144005936208
916 0.0018820268310347122 0.0018820268310347122
917 0.0018737339566261852 0.0018737339566261852
918 0.0018655341517998243 0.0018655341517998243
919 0.0018574258276986503 0.0018574258276986503
920 0.001849407431133182 0.001849407431133182
921 0.001841477443573975 0.001841477443573975
922 0.001833634380180529 0.001833634380180529
923 0.0018258767888600451 0.0018258767888600451
924 0.0018182032493619265 0.0018182032493619265
925 0.0018106123723999373 0.0018106123723999373
926 0.0018031027988060554 0.0018031027988060554
927 0.001795673198710453 0.001795673198710453
928 0.0017883222707502913 0.0017883222707502913
929 0.0017810487413039322 0.0017810487413039322
930 0.0017738513637499845 0.0017738513637499845
931 0.0017667289177506376 0.0017667289177506376
932 0.0017596802085581094 0.0017596802085581094
933 0.0017527040663434827 0.0017527040663434827
934 0.0017457993455465737 0.0017457993455465737
935 0.0017389649242466809 0.0017389649242466809
936 0.0017321997035539256 0.0017321997035539256
937 0.001725502607017205 0.001725502607017205
938 0.0017188725800541564 0.0017188725800541564
939 0.0017123085893947735 0.0017123085893947735
940 0.0017058096225455732 0.0017058096225455732
941 0.0016993746872684332 0.0016993746872684332
942 0.001693002811075543 0.001693002811075543
943 0.0016866930407398516 0.0016866930407398516
944 0.0016804444418189607 0.0016804444418189607
945 0.001674256098195433 0.001674256098195433
946 0.0016681271116302417 0.0016681271116302417
947 0.0016620566013268705 0.0016620566013268705
948 0.0016560437035117127 0.0016560437035117127
949 0.0016500875710250794 0.0016500875710250794
950 0.0016441873729227062 0.0016441873729227062
951 0.001638342294092945 0.001638342294092945
952 0.0016325515348797623 0.0016325515348797623
953 0.0016268143107201496 0.0016268143107201496
954 0.0016211298517913725 0.0016211298517913725
955 0.0016154974026663521 0.0016154974026663521
956 0.0016099162219803814 0.0016099162219803814
957 0.0016043855821077468 0.0016043855821077468
958 0.0015989047688447738 0.0015989047688447738
959 0.0015934730811045222 0.0015934730811045222
960 0.0015880898306178538 0.0015880898306178538
961 0.0015827543416442168 0.0015827543416442168
962 0.0015774659506892978 0.0015774659506892978
963 0.0015722240062297152 0.0015722240062297152
964 0.0015670278684477208 0.0015670278684477208
965 0.0015618769089702975 0.0015618769089702975
966 0.001556770510617159 0.001556770510617159
967 0.0015517080671532406 0.0015517080671532406
968 0.0015466889830503007 0.0015466889830503007
969 0.0015417126732537982 0.0015417126732537982
970 0.0015367785629544276 0.0015367785629544276
971 0.0015318860873692144 0.0015318860873692144
972 0.001527034691522891 0.001527034691522891
973 0.0015222238300408655 0.0015222238300408655
974 0.0015174529669431925 0.0015174529669431925
975 0.0015127215754457655 0.0015127215754457655
976 0.001508029137766204 0.001508029137766204
977 0.0015033751449345105 0.0015033751449345105
978 0.0014987590966084761 0.0014987590966084761
979 0.0014941805008938222 0.0014941805008938222
980 0.0014896388741699376 0.0014896388741699376
981 0.001485133740917157 0.001485133740917157
982 0.0014806646335515693 0.0014806646335515693
983 0.00147623109226158 0.00147623109226158
984 0.001471832664849231 0.001471832664849231
985 0.0014674689065770166 0.0014674689065770166
986 0.0014631393800149616 0.0014631393800149616
987 0.001458843654894037 0.001458843654894037
988 0.0014545813079627043 0.0014545813079627043
989 0.0014503519228476255 0.0014503519228476255
990 0.0014461550899141167 0.0014461550899141167
991 0.0014419904061354649 0.0014419904061354649
992 0.0014378574749602544 0.0014378574749602544
993 0.0014337559061861943 0.0014337559061861943
994 0.0014296853158360088 0.0014296853158360088
995 0.0014256453260340321 0.0014256453260340321
996 0.001421635564890405 0.001421635564890405
997 0.0014176556663832414 0.0014176556663832414
998 0.0014137052702458091 0.0014137052702458091
999 0.0014097840218565407 0.0014097840218565407
